1000 1000
789782571 18165284 303162411 452398373 82195186 63197272 273714251 668662252 721527841 188437396 159868724 609643788 587227480 28251546 160484900 961419985 893520673 255996571 199472853 592058018 264079103 932530350 435768871 316188600 623081480 774882839 642782179 683408948 347206323 19230329 398019852 642885655 458458359 265819596 76521476 748139033 275445533 101988213 565177707 705123692 498015912 680367361 947929723 885341971 666265174 468961502 580215075 959237341 3518246 670016857 648822866 99253327 392400520 900320502 268284813 102041118 268663912 261185166 749354852 754749899 713361765 380742024 840807352 535282792 207071029 506169486 595631403 604162012 578027413 20187811 107948855 495008646 764993650 736236368 948015690 601288502 258289924 9132087 614756507 440253573 591318719 988687795 224251318 352616924 580597935 981311751 24710082 10574211 928715276 121615386 543206713 703563376 399788950 131112324 776398742 261069399 274480181 795292735 267252975 449449329 956876807 906143798 935739944 661737044 850305632 460107613 126003466 832250783 237154671 1720142 750106215 378132522 985645217 102234763 570078181 707816171 279581937 325405343 631621678 828972953 323039357 833316623 232168512 332076115 93808402 704013427 815944239 518284766 913902392 419844168 742802965 578416927 361883329 284420580 363201363 991220578 236534643 612576998 620491730 848628954 83683315 472485806 66270768 257378023 196451729 426248885 104072534 194789430 511988419 404775646 557430855 325468122 447094946 144495134 849472825 181986759 965998245 932815148 841847015 499279152 887397051 308627546 873536590 446276411 546399308 653020153 693699508 5659123 361131390 461461940 746725747 5562903 853004489 379911369 224333495 830014643 672345111 711619236 201439251 999655723 835990068 218566078 765744809 409243235 191562559 564331308 63182825 229484861 271944371 371171780 149173297 131724825 812763790 679310149 444016653 844623203 39525502 159215931 992732893 655529009 417623383 825010533 859572885 934067541 859931794 46133999 849491958 767258521 619488589 888693300 408657759 233624211 611902730 91371379 123850909 503633398 912677897 99588068 944152463 252899416 211380671 434810209 5135119 476782158 532356029 532291821 141849750 272665840 524071825 713376791 840365202 601086802 464627199 355286835 665676391 662154466 564816272 18397427 132455073 284425850 490591515 585647329 191579459 439058816 682669054 805904429 218837141 431313215 573043990 428469914 834778932 124532596 382277876 866686498 569423402 8439082 621651566 501814510 369212804 424733172 196460505 799730545 210747531 577451181 564516426 12001834 478320653 488130560 889371130 255573106 206059287 292665967 128111489 219406123 666867238 545242438 893432886 779518405 715024794 586177351 316561263 88226394 915799929 436340169 342725782 132663999 744391880 903573051 38727673 414232737 587345470 443930737 131618782 911022088 388083741 925976354 934098649 741609923 501572968 622069633 612493124 789255799 278131331 642086948 176004409 925296686 812660993 963613340 444957828 205241374 958178682 772690770 870936909 303089537 967792712 650469324 575909460 405442751 418377239 881702600 599788269 594387940 769317561 961446435 348313833 380630585 875938802 222200719 731735215 1932420 119773049 355624118 575290459 237609841 25888719 816376517 185160174 511674280 384943484 709109370 467875594 963540325 355268312 882880021 884087036 512305003 701992331 762155479 274017142 796328141 341774728 157890616 968392639 952092845 89408025 210911191 843476548 568918211 381392406 304327550 699398241 589907985 441169904 119355075 389878756 804774492 864778101 403333833 112588926 681755819 538090826 862893975 609786147 863184853 330215517 701685 86576378 282855723 718104619 654312566 989899768 438890207 343391358 431956464 959945532 774097468 787941202 35017692 306525531 932517226 527341949 23325309 799254176 659130228 916308145 823928543 680002329 12266609 742841391 360625474 449698637 379786328 534666281 680270853 718770052 458650463 71222689 714827874 69649337 867733620 73390982 952385318 338057402 187053039 955428596 577962907 860335752 335157093 502106987 71475080 395528926 494056423 529032273 418472522 637734299 922243328 853772850 985802449 505899405 304170782 505647367 591893843 614567852 95734203 511999266 15489951 304396643 331573287 638549538 498675178 850851653 815569511 5970047 293369667 258547880 520160854 922297083 985993685 457795914 734128937 640606187 698353875 536698661 672146150 730135550 8543000 355054692 169560857 181998115 127849682 786883484 192437611 677453350 911779922 789947636 157756438 284992418 772335624 755287268 459976922 642912925 560735585 535618464 903589385 608645751 908444490 791982691 560920425 852754173 560674258 231093577 633303060 771574854 104814516 720659049 624591917 611163269 724409798 120612777 291893560 446544659 604360186 133074896 526316667 571570878 608791757 530957754 390875221 854082094 20000595 125519958 9307977 205105516 809561922 924822322 956811242 139734078 104408147 149617295 68873112 741264112 207664093 690437875 642555945 261215511 61716347 795470915 961351703 268371716 645522056 516871783 638528336 808709614 815111798 300147242 74110354 84216597 588572249 625864061 730822288 628242723 148839317 464478090 773919301 836282081 886902984 631729227 107871292 896000389 214693156 277998176 773255654 727109080 235493650 596469723 400237698 761742028 570096775 216100230 790126468 795089549 185959406 976759814 356742281 116708163 559150494 399836823 423484886 384964610 782633484 807876020 549172534 539329629 63620986 41426723 723680884 851804110 139872393 313544479 362436453 565909049 845906483 85888416 239477196 433732932 565933923 665418768 499146364 700648280 261612608 37256080 52177629 809787278 255924516 697658471 483948928 948472327 556530166 752311987 753388762 21936009 629004937 854392969 79052377 409554048 176116266 363377599 321478404 869797638 558374315 173402016 798879056 937466358 749740541 606550021 922474210 414912072 244447580 838824917 5728305 838016973 736982454 430988323 96636988 56524479 713232507 200054590 216589604 309588945 190258773 310464597 631482561 757231648 461555768 809684021 507561521 145609206 619537667 188757612 936549967 193466684 476090141 737870378 400081707 635060911 330591293 246906032 251177135 526261942 271049313 151330847 169295312 629132083 314175758 451284966 392863048 161013232 707068509 240115860 41567780 924241852 500972249 762236366 611840213 872328597 660196280 486198095 520132551 964596077 42930908 809633365 197287592 910431093 312555618 120796504 24099647 680731981 400499266 514709424 232658311 231704859 364497435 208451047 805414357 629062690 922523442 47695123 982194136 794038838 793322611 295944193 490543269 335859940 330621466 208112362 477566010 56297080 717759613 59945049 60384029 128959383 838989687 421515375 271966589 139086788 653036963 553778026 964160509 297036417 150023065 229074141 733628340 86852356 652552754 221167506 963092696 988361908 735153216 931707380 171442787 838668292 812626760 724954076 553628380 212200704 363946677 475009611 163119002 831327745 23153822 153249884 743113680 326195959 531360142 312796982 799522878 725776418 942414998 216708071 422160221 715606490 596804877 935188140 937343215 295006307 636548455 148427063 14862552 299149713 620876507 307466459 473813720 401964280 404535002 520777348 953948299 121501304 595432836 551204284 152743971 774076701 518868635 560569650 65100795 494545513 894275729 172751415 37027793 66701900 859193325 692378643 276422907 640379274 409762144 862404179 314221233 428455091 643357073 720449459 476642765 915866701 501450987 982208848 738325965 317581040 106914732 127863867 104460787 544697199 626715783 999602346 335058920 156882844 780484824 751576505 539355390 986903989 636494103 884211372 174024621 258119677 203123223 43195388 941523495 751384327 540534903 80042626 131939376 383860950 841952413 920691043 645801754 657555904 338185246 648784208 791059462 542152190 79179612 497059236 298621957 924692236 349196964 715040547 726189468 407776413 58129456 744966359 447089460 268816558 938345985 125257598 103558912 622796775 513453504 206106073 449835007 376740643 339941066 971038701 575624947 591486942 392537898 754246494 44934651 547785963 258064528 990159613 274769080 96608581 778772991 134263610 68731482 684242769 550645873 391282876 309570192 930144059 316183048 106116057 574215933 141810702 490796175 643764579 302122664 87009589 12031780 450611528 567325693 463172715 791425115 834524700 240488619 326653080 873631804 530487430 814447625 948727311 922138912 441203341 700686600 34708394 332182862 625847929 57426165 764798724 813680491 314785594 791533593 153540520 154480414 614293174 596537734 588634273 904285186 9825306 212997206 789892126 271402129 353226066 377412137 128537020 186663204 924909493 411247027 600708916 92783118 392346720 600535616 648041079 50559627 761425898 529540359 265307257 370536735 602325122 190283282 71665952 775298447 72282976 916018019 476711284 469952771 434325654 104049513 230209600 259038515 627977985 61045816 378256834 917032363 52673239 859084289 172700290 88153454 391481922 57594822 141581744 383658061 433202537 542908105 178300399 570946979 798811206 37510923 299851865 370383333 54077635 506979157 955019102 869969246 685989438 11224458 4490478 281563951 155719522 783873101 505215733 939345731 40797731 11213347 911136064 582890018 586032002 820145790 199553110 290598278 464317742 29678616 806177402 7753289 706464302 332451392 866418607 428592124 887953788 357227661 776576237 8586216 757621311 992371789 746457054 393699149 927412999 974205160 802293186 384661736 388970514 205485222 940888490 477408666 294912722 688108962 141553692 650593630 748262598 673673933 523468222 545437542 642302549 88465406 161738777 519120378 869624675 721587571 605005478 38604637 7707767 582095563 237139867 293523996
384 644
310 520
380 687
963 978
282 570
283 830
587 668
384 419
830 940
966 989
870 936
242 270
737 831
538 581
874 939
808 976
931 967
255 604
394 427
377 565
636 966
934 947
835 999
387 956
326 996
930 945
717 791
800 850
176 256
933 982
783 956
614 871
310 502
998 998
284 874
454 676
123 700
819 988
127 242
144 680
333 505
806 831
255 731
402 753
86 390
141 563
976 993
530 871
139 950
911 953
566 785
134 385
577 788
85 203
955 981
743 992
734 876
656 905
352 674
266 811
711 797
277 687
351 565
664 669
61 378
532 884
895 929
680 840
940 995
361 851
297 851
299 524
798 953
871 924
439 440
845 963
322 544
246 952
234 831
886 904
585 590
100 444
569 986
914 940
4 690
747 895
434 921
512 748
83 193
841 925
387 886
176 623
706 935
747 980
927 990
615 927
869 994
912 919
447 844
904 980
592 897
489 835
35 721
207 521
299 732
351 695
288 988
363 396
775 944
604 755
34 870
330 863
765 848
710 716
70 448
602 681
811 844
116 589
392 471
923 999
322 550
428 574
575 581
796 893
754 773
673 741
921 944
585 607
592 827
536 729
881 892
418 535
974 988
675 911
611 705
315 751
142 607
592 870
255 876
354 932
743 796
618 768
876 947
462 612
699 921
8 916
962 967
22 297
805 920
869 898
461 468
843 957
691 780
476 554
963 988
963 992
578 726
892 919
853 917
332 454
638 759
598 658
377 993
70 188
10 419
522 661
478 828
871 876
364 950
534 612
152 538
539 557
333 985
751 849
955 974
267 537
684 771
182 819
910 999
666 963
479 500
489 537
108 886
59 306
202 909
715 829
677 889
985 996
585 910
747 801
197 206
338 560
545 717
349 396
521 853
828 979
260 562
554 681
944 963
904 949
566 925
804 815
661 770
815 907
320 464
819 830
591 982
856 987
930 975
173 381
591 960
238 937
827 951
343 557
374 986
387 646
685 882
101 633
869 895
138 495
287 304
822 960
462 723
727 989
718 798
390 447
47 363
458 602
339 398
727 982
539 579
626 660
598 871
872 989
751 778
46 800
776 876
257 406
506 767
207 585
313 479
139 659
992 999
681 686
762 819
702 850
70 234
946 984
630 952
124 184
97 974
294 581
86 151
845 970
371 550
616 891
410 674
497 730
457 937
82 973
644 942
595 863
825 873
237 331
416 709
793 974
789 987
57 764
612 627
206 562
316 748
731 851
109 737
706 713
987 996
957 997
463 851
44 957
289 635
327 903
881 962
441 863
552 777
699 941
516 789
852 934
146 726
165 593
665 964
530 876
936 975
61 82
336 508
775 814
228 789
730 839
185 934
803 810
567 931
290 421
483 877
865 954
514 950
11 822
40 818
999 999
192 224
773 851
351 974
284 636
745 780
5 872
627 941
92 201
697 771
509 646
178 280
655 764
576 629
491 976
521 978
298 871
387 939
276 814
432 900
43 236
58 618
559 749
938 973
789 864
352 562
84 970
114 217
469 988
765 895
565 812
453 864
667 760
320 827
547 681
314 932
198 824
291 296
112 656
983 999
940 963
265 918
230 697
410 494
44 899
227 643
641 834
847 900
794 987
620 659
612 958
405 903
951 968
370 966
11 468
885 998
419 428
635 740
223 275
877 983
812 881
115 715
549 960
407 547
500 991
866 961
439 803
579 805
782 874
812 973
649 871
369 937
303 633
587 948
993 994
720 882
739 908
499 682
303 450
225 886
925 959
725 859
257 302
390 581
480 916
355 974
344 461
453 815
355 473
597 938
217 562
925 930
652 746
371 800
113 282
140 203
497 721
642 742
735 943
55 484
280 520
407 904
200 224
442 703
69 520
14 67
801 941
707 769
349 831
888 919
584 958
657 848
381 399
624 662
887 954
581 990
22 837
401 815
807 837
627 901
254 359
622 654
565 872
219 663
979 1000
221 241
433 856
918 951
83 897
221 432
760 822
640 983
770 906
826 936
685 962
796 988
671 822
215 491
816 946
188 532
687 953
899 935
262 274
342 584
280 368
790 874
450 547
640 968
375 628
320 704
231 527
452 916
416 535
195 757
683 964
200 720
172 344
526 633
694 915
974 978
888 925
160 536
899 936
50 986
140 650
337 979
296 553
499 503
212 589
860 925
191 314
607 827
801 897
664 746
704 733
341 499
831 913
508 697
559 794
676 917
804 807
752 815
611 965
569 968
89 552
896 914
116 559
87 715
676 997
260 269
253 829
846 881
135 904
112 494
577 936
431 590
249 386
971 996
7 737
896 919
673 689
956 992
495 976
585 840
899 954
602 762
707 732
184 863
209 679
692 915
254 949
42 899
819 853
796 829
857 863
174 315
813 917
509 912
27 399
841 889
247 976
54 361
788 816
56 321
523 791
808 896
339 818
905 970
466 486
259 680
1 632
863 915
89 559
114 896
330 682
222 983
245 723
158 279
257 432
111 166
230 438
994 994
238 824
696 909
7 633
620 941
45 564
845 930
878 986
867 902
81 762
837 990
350 417
132 324
427 451
265 293
153 482
825 976
783 836
830 988
984 997
77 784
287 341
546 700
92 995
113 703
302 567
828 993
962 972
811 818
688 919
26 91
689 964
12 62
860 896
942 983
37 314
618 792
878 938
22 443
742 988
876 876
235 888
653 958
507 839
1000 1000
135 267
878 989
222 986
126 229
207 247
359 389
750 776
64 933
943 957
232 809
228 972
672 743
337 739
734 761
112 866
922 962
441 877
727 881
225 803
535 869
924 962
504 774
409 832
993 994
410 713
185 313
472 877
847 856
861 894
479 553
545 598
134 793
904 994
369 629
612 675
633 793
80 809
438 544
581 673
748 789
492 930
935 970
378 933
263 594
676 779
117 316
282 805
767 922
825 905
49 791
64 753
708 718
393 582
900 921
501 873
274 456
603 948
277 306
16 81
269 712
262 669
139 402
500 750
230 939
851 999
823 918
369 939
670 841
823 947
936 988
529 880
612 934
248 626
340 400
226 830
952 999
131 858
935 987
902 984
530 608
989 995
881 892
570 717
3 197
942 954
690 783
55 465
749 990
80 129
503 760
75 131
105 270
753 915
813 867
780 959
686 973
952 978
545 612
985 988
270 910
336 930
44 294
270 286
675 948
758 984
895 906
791 896
872 997
139 439
632 730
290 811
248 370
907 951
735 877
372 439
522 672
964 979
43 689
906 913
757 840
175 468
405 497
652 918
97 924
903 953
743 902
965 974
415 1000
683 818
757 849
18 149
216 614
169 827
994 998
216 572
991 993
466 835
384 470
177 465
862 973
402 476
693 737
859 964
415 769
482 611
37 708
243 879
715 716
10 677
295 886
120 496
796 881
741 946
514 964
972 996
791 914
692 968
345 386
522 836
761 881
140 443
420 954
812 943
355 655
413 614
317 978
935 953
114 666
231 833
56 995
235 352
624 927
736 753
930 973
816 892
136 435
118 479
530 783
682 798
792 913
848 1000
632 965
945 948
659 688
750 790
309 376
758 848
500 814
588 608
556 913
924 942
825 901
964 997
147 553
947 952
77 621
457 871
571 938
85 184
552 869
950 989
428 452
483 499
669 865
845 971
146 384
187 606
327 430
622 871
578 941
405 759
531 783
983 988
816 969
823 924
805 872
445 954
520 887
906 968
844 856
381 832
192 354
180 985
339 717
608 656
610 741
303 545
578 937
668 970
996 996
615 848
394 518
952 990
848 946
591 652
459 612
33 447
368 872
237 521
181 261
896 939
220 871
727 781
893 995
800 924
391 708
88 293
237 755
759 955
767 879
15 343
863 917
4 189
442 697
945 953
588 933
408 639
279 779
440 468
257 726
607 815
634 807
183 365
119 795
935 986
517 724
108 958
605 783
485 757
983 987
168 325
342 677
836 994
716 793
515 702
688 766
119 293
14 184
112 581
386 986
67 222
154 744
466 846
28 119
673 762
228 808
448 604
18 921
675 722
722 889
372 541
227 561
74 209
529 871
405 691
237 490
380 975
19 656
39 312
502 980
715 973
265 343
420 596
358 636
894 955
853 938
767 998
781 961
705 811
250 883
369 668
242 979
303 712
169 921
817 991
325 486
37 577
330 662
744 792
770 925
774 922
837 854
179 544
179 958
807 954
418 951
292 695
676 814
422 986
54 506
166 958
375 861
676 784
313 984
889 944
890 905
648 931
858 963
869 992
227 360
221 836
200 462
344 610
676 961
239 936
45 189
521 630
186 894
940 965
939 977
148 185
382 786
284 564
942 976
342 607
722 818
68 383
16 658
339 715
883 980
104 790
69 393
768 967
7 708
98 432
318 866
359 492
302 358
113 194
590 897
4 720
123 809
723 808
796 871
521 991
619 970
495 700
615 785
921 985
163 425
573 662
587 901
176 419
817 862
467 901
625 819
877 919
2 204
597 665
412 417
842 910
270 934
420 698
688 864
555 707
715 786
921 974
614 834
500 819
764 854
413 850
133 842
363 706
620 771
809 927
741 988
884 910
997 1000
888 900
