1500 1500
15 9 19 11 1 5 1 9 15 8 2 20 9 3 14 13 16 20 14 15 9 12 20 16 12 9 8 5 10 19 2 6 14 15 2 15 8 5 14 9 9 15 19 11 15 10 9 17 6 4 9 10 12 13 19 3 6 19 15 9 19 8 10 12 5 9 11 4 11 15 20 3 13 14 13 20 1 3 14 11 1 19 7 15 8 18 11 2 6 6 14 13 4 14 17 18 18 18 7 7 16 14 12 7 2 14 13 11 11 3 1 6 7 13 2 3 16 14 14 7 5 5 2 5 14 9 11 14 17 4 9 19 2 4 4 2 10 16 9 19 11 16 13 15 9 3 13 5 17 17 1 1 3 11 5 13 1 2 15 5 9 2 3 8 10 10 18 19 3 9 10 6 12 6 7 10 5 7 9 16 18 6 15 1 2 2 10 15 10 14 4 4 2 7 18 20 1 20 17 17 10 10 11 4 17 11 15 12 5 12 3 4 12 1 4 6 2 8 11 15 4 13 10 3 3 13 18 8 5 15 5 16 3 6 6 6 17 10 17 20 12 2 14 15 19 2 12 1 11 14 1 11 5 5 12 12 5 9 17 13 13 17 18 6 12 13 16 14 4 15 7 17 10 17 5 15 9 14 7 9 1 19 16 3 2 11 17 9 6 2 19 3 13 9 9 19 16 8 5 18 9 18 9 4 10 5 12 5 18 19 15 20 16 16 5 9 1 4 12 13 6 2 14 18 18 7 5 9 7 15 13 14 5 12 11 5 18 15 17 5 7 4 17 11 11 8 5 13 4 15 19 5 17 11 20 18 2 2 2 6 15 2 13 20 4 5 1 17 20 17 18 6 16 16 6 15 4 20 18 6 2 16 18 2 2 17 7 15 6 8 17 3 2 8 16 17 20 14 14 18 10 3 6 5 8 1 4 15 20 6 14 9 19 18 19 11 11 8 4 18 14 1 19 6 13 13 12 5 19 12 9 16 2 19 10 18 13 16 4 7 12 18 7 15 8 16 1 18 9 18 19 9 15 2 2 5 10 19 14 8 15 16 1 7 15 16 7 7 1 15 5 16 1 18 2 19 1 3 16 14 7 6 6 13 11 18 10 18 3 14 12 20 9 12 15 1 14 14 13 11 4 9 12 1 5 7 16 20 20 19 6 3 17 10 13 4 3 10 6 4 4 6 20 17 17 18 9 9 7 15 5 11 20 6 6 6 14 14 8 4 8 9 8 17 15 6 9 17 20 6 8 12 13 9 9 14 4 6 6 16 11 1 10 9 12 11 20 2 19 7 6 5 11 5 5 7 17 3 15 18 1 17 3 18 3 8 1 1 4 12 2 11 14 10 19 3 16 13 14 16 2 16 8 4 11 8 5 12 15 19 7 1 17 18 7 8 7 2 8 16 17 9 17 9 3 7 3 10 20 1 17 17 20 3 13 8 7 20 4 9 11 12 19 12 6 3 7 7 7 9 4 12 16 5 8 3 4 13 15 1 12 18 19 18 8 13 12 5 10 8 4 1 12 14 12 10 20 12 16 5 12 9 15 2 7 13 20 2 1 11 2 9 19 15 10 16 4 7 10 2 7 2 14 11 14 10 18 20 11 9 2 13 1 20 1 7 15 6 10 20 9 17 16 5 3 9 8 8 5 8 3 12 15 6 4 2 5 4 19 8 15 6 19 4 3 13 8 7 19 20 7 19 4 1 19 3 18 14 18 5 14 7 11 13 14 7 1 1 16 7 7 1 10 7 19 7 8 4 18 9 18 12 9 18 17 1 10 14 15 8 7 9 16 12 18 4 8 2 18 8 13 4 12 14 17 2 9 6 19 16 17 15 18 5 20 1 1 19 12 9 3 3 4 15 19 20 16 10 11 5 19 7 2 14 2 14 4 3 17 19 12 17 15 14 17 4 14 8 5 19 9 5 8 15 6 20 4 13 9 3 12 14 15 16 19 5 7 6 7 12 19 15 15 8 19 4 18 16 1 18 3 7 13 19 17 3 12 5 5 3 14 2 18 3 14 16 12 10 15 8 10 9 1 17 10 12 20 5 6 6 16 12 17 18 5 10 14 9 8 3 7 6 1 18 5 19 1 18 15 18 1 12 12 8 12 9 6 16 13 16 16 7 1 13 18 14 16 6 15 9 16 8 17 8 6 18 4 9 2 7 11 5 1 13 19 9 9 12 10 5 3 17 5 20 14 10 9 20 13 12 12 18 12 1 1 7 6 20 6 10 7 17 12 4 2 6 1 8 19 10 2 15 10 7 5 18 8 4 12 12 17 7 12 14 12 5 11 3 7 5 16 2 16 6 18 2 2 8 7 8 18 8 17 8 19 13 17 15 2 2 3 10 4 12 6 10 7 9 12 7 15 10 4 6 7 14 13 18 17 2 13 2 11 4 14 11 6 18 6 9 4 9 17 9 4 15 11 9 1 18 4 4 6 7 20 4 1 19 5 15 18 9 17 10 10 12 7 8 8 8 8 19 10 5 15 10 20 12 8 18 19 3 15 16 7 4 4 4 12 2 6 3 1 17 2 11 1 7 19 5 11 4 6 10 19 13 7 2 5 13 5 3 17 9 2 6 1 10 15 8 16 13 20 16 18 18 18 1 17 2 16 13 2 10 7 10 19 16 15 6 8 19 19 5 4 20 14 15 8 12 7 16 2 1 18 14 11 19 3 17 7 5 18 3 18 1 19 17 19 12 1 4 1 15 19 16 15 16 6 1 20 6 9 9 10 15 7 2 15 15 2 20 11 12 7 12 7 14 9 12 7 7 19 15 2 1 3 9 15 6 17 12 12 12 10 1 13 8 2 15 17 13 10 3 10 10 10 9 20 18 12 6 5 12 5 20 9 14 17 7 16 17 10 14 8 10 18 12 16 14 19 12 16 20 4 4 3 18 19 9 19 12 6 2 5 17 19 8 7 14 20 12 5 17 6 2 15 8 3 5 4 7 15 6 12 17 12 1 16 8 17 14 15 4 16 12 4 7 9 15 6 7 10 17 20 11 2 5 8 5 12 7 11 15 19 6 20 4 2 6 17 2 5 7 12 8 18 7 4 15 3 13 5 20 6 19 9 17 15 20 19 7 12 20 17 15 6 1 1 7 1 13 18 3 16 15 15 19 16 6 15 9 3 2 5 19 15 1 20 1 10 18 10 18 11 14 5 20 2 1 5 4 14 7 16 8 6 1 16 17 3 1 8 6 3 9 14 12 2 8 6 13 8 14 6 4 15 4 2 17 15 2 6 5 15 7 2 1 19 6 7 3 14 15 7 2 16 3 7 8 12 12 9 10 10 3 15 7 13 18 10 5 10 3 6 5 16 16 17 8 6 9 15 13 10 13 5 11 7 8 7 15 7 10 20 14 11 9 11 9
645 738
1069 1442
102 602
610 1004
1415 1470
296 719
72 388
332 1380
923 1256
482 1441
1445 1457
760 1354
625 749
1300 1460
679 1149
66 1443
1393 1411
1093 1311
664 798
1448 1487
461 1104
1276 1296
752 1317
1471 1473
1065 1314
1196 1497
184 1217
1242 1417
907 1314
1187 1451
1359 1409
74 881
1354 1420
1006 1242
1424 1493
441 756
858 1251
457 541
853 1326
1147 1252
137 753
1266 1389
1085 1106
1277 1434
1289 1297
1148 1463
933 1273
954 980
7 1277
1291 1361
182 494
632 1420
572 721
30 640
910 1065
127 491
246 931
542 1216
342 513
1194 1420
970 974
547 1109
1157 1196
600 1454
1138 1203
216 781
1321 1440
1153 1441
1431 1499
298 1182
583 1352
561 1385
414 1361
717 805
1396 1418
1150 1369
744 1034
707 1184
330 892
1065 1458
714 1348
242 1047
1329 1430
512 993
1458 1460
926 1249
1291 1407
531 1389
922 1025
1355 1459
1008 1303
157 292
1378 1477
768 777
719 1144
446 1111
1315 1356
1376 1461
450 622
971 1453
650 1409
1293 1302
1208 1357
17 500
586 814
356 974
1074 1236
1332 1494
258 365
486 1072
1345 1492
1401 1453
34 710
422 794
1290 1496
1429 1431
325 522
180 390
424 711
1268 1449
1276 1488
120 211
95 868
923 1310
1397 1491
963 1055
1273 1445
1166 1227
38 250
1167 1454
1278 1298
496 759
939 1212
670 1241
315 1353
978 1412
1056 1247
1272 1311
610 1308
841 1239
279 1214
201 1155
562 1099
1126 1475
978 1220
397 1167
1242 1425
1468 1487
206 839
275 498
484 674
351 1159
1094 1193
130 1466
1349 1405
473 809
1000 1307
901 1130
852 1145
1070 1446
1430 1466
519 1117
88 417
978 1137
462 1020
323 928
552 1138
677 1342
1169 1304
529 609
174 1492
878 1281
270 947
178 265
904 1248
1460 1500
792 1323
1244 1496
1328 1334
855 972
235 898
384 971
1454 1495
696 1259
740 860
196 321
634 987
434 710
220 229
371 1363
662 1069
803 883
207 1329
1368 1424
322 447
6 100
1328 1475
1417 1452
1084 1191
1320 1335
8 1205
1494 1496
906 1248
256 796
1405 1484
276 915
1319 1343
1424 1429
414 454
402 1383
568 1450
932 1106
303 642
409 1251
322 380
1231 1437
794 1130
1091 1355
328 888
748 1356
1048 1113
213 1272
986 1312
157 1434
571 1093
427 755
162 1415
36 1384
1363 1384
813 909
1310 1468
792 1358
350 1421
1203 1386
571 1449
259 1165
1304 1380
813 1153
118 1359
700 1474
1401 1466
940 1340
1280 1364
1125 1499
1448 1470
245 1320
887 1340
889 1313
638 817
263 1024
409 626
942 1118
791 1115
421 812
435 725
774 997
298 967
524 1124
1031 1251
931 1246
1181 1414
1066 1158
263 362
13 857
1183 1405
9 1142
1193 1391
14 101
1314 1481
1208 1497
339 635
519 1402
905 1359
1302 1455
164 1034
649 711
1010 1359
1326 1346
1416 1485
389 702
1172 1366
917 1304
1245 1456
402 504
1053 1264
1110 1332
487 673
972 1487
1222 1484
1252 1413
839 926
649 1432
1149 1271
226 1400
279 301
430 717
1267 1389
1475 1478
944 1214
384 548
1112 1364
1362 1391
120 713
548 1475
4 119
904 1162
315 472
790 1142
843 1082
1359 1375
827 1168
1420 1462
1076 1480
587 719
157 789
246 776
86 117
322 759
205 600
909 1420
467 1440
396 780
684 863
845 1463
1299 1478
362 1312
1312 1443
1055 1083
249 733
703 1042
552 1140
257 1264
14 172
231 903
872 1056
1241 1419
727 1238
928 1233
1010 1105
913 1326
579 770
973 1213
776 1499
1012 1191
884 1323
288 490
508 669
699 1011
1277 1445
623 687
840 1314
183 1054
795 1453
1075 1120
242 503
57 1001
52 923
29 218
1356 1496
500 1165
610 614
1155 1480
19 766
1330 1489
905 1057
140 825
57 1024
914 1446
338 769
1257 1391
907 1479
1206 1438
1269 1355
1305 1417
934 1031
1292 1412
122 554
589 651
584 1087
202 624
1389 1442
30 539
1361 1493
885 1009
793 1483
271 1086
746 1296
765 1331
117 1350
924 1438
886 1294
1484 1498
381 995
1206 1411
133 239
630 1486
1421 1488
688 777
648 1328
80 299
359 1148
1234 1301
145 253
310 1207
1255 1452
477 1114
888 909
1341 1474
665 1444
90 397
22 1407
1156 1339
1358 1407
749 1319
6 701
1002 1459
69 1027
1109 1344
603 1441
1037 1322
92 333
41 654
1132 1232
596 689
943 1185
510 1314
520 667
317 692
1457 1483
228 1216
399 483
539 1157
154 644
1064 1189
1289 1498
1022 1191
344 1300
1483 1495
911 1179
352 1224
257 1408
369 672
915 1138
1107 1344
1299 1415
51 1393
1305 1308
915 1229
1154 1171
1079 1089
1085 1423
519 560
1116 1163
1261 1491
1062 1171
722 733
858 927
1493 1498
471 883
793 846
57 1297
698 769
746 1357
658 1365
1179 1342
92 1184
1466 1499
1190 1369
454 639
284 1476
359 1025
844 900
618 1386
443 613
791 880
538 1412
49 249
218 728
1063 1142
148 707
1331 1467
721 1054
336 1008
265 670
319 1463
707 1353
16 1474
563 1023
264 956
1190 1268
425 1191
59 1354
368 489
786 870
1400 1454
872 1123
945 1038
1290 1314
131 1112
529 1146
495 544
905 1013
1353 1493
63 918
279 621
904 1303
1249 1415
1333 1384
741 1187
423 596
1479 1487
1344 1486
952 1342
417 665
400 1047
607 701
581 924
1455 1479
969 1050
1405 1436
227 344
968 1454
13 1398
897 1061
672 1074
380 1151
876 1228
162 680
109 1388
548 1028
634 975
194 822
992 1209
110 774
55 1466
1232 1438
304 1464
1143 1249
1218 1233
347 1063
457 463
1432 1461
638 982
717 1270
1305 1458
1433 1455
977 1368
1208 1277
1329 1398
756 873
558 1032
1449 1490
900 1279
49 1426
796 1388
608 825
924 1436
898 1313
1177 1318
1283 1450
78 441
1387 1397
471 968
1212 1283
349 1092
727 1195
1307 1417
264 1302
974 1427
456 724
889 1220
997 1127
1288 1385
1397 1461
1170 1242
1443 1474
527 1162
19 834
1323 1341
905 1329
1040 1117
1486 1493
726 1476
587 636
450 829
1097 1407
388 917
473 996
239 635
688 1277
1118 1194
409 883
503 657
626 1380
1437 1487
222 767
1185 1193
1375 1483
399 1149
789 986
86 1465
1499 1499
245 1470
1369 1374
409 581
1187 1439
876 965
1470 1495
133 1484
1061 1210
685 1111
1379 1446
324 1307
1008 1021
1154 1231
427 1302
1061 1372
451 677
1494 1498
494 1439
564 1315
457 748
1332 1340
652 1354
1108 1336
999 1128
403 976
1373 1439
746 1219
493 1483
624 868
1045 1378
52 693
1038 1122
1376 1420
1092 1319
989 1259
1458 1488
200 1360
522 669
1100 1352
1079 1472
579 579
1422 1489
887 1156
1011 1306
684 1115
252 314
410 435
804 1446
829 876
1301 1458
41 1041
498 1041
589 1213
958 1230
1118 1135
940 1338
352 689
293 517
838 1329
8 1118
49 809
771 1348
1467 1499
1264 1280
936 1004
1296 1499
889 1442
1176 1281
811 820
1405 1409
1108 1376
657 1479
289 1456
153 625
35 1110
1275 1366
1035 1386
720 987
764 818
1241 1464
1370 1403
672 930
153 653
1414 1418
1139 1290
1256 1440
216 1206
1418 1455
1017 1142
1224 1383
529 781
1196 1353
1108 1423
824 1098
1342 1436
240 644
1314 1334
287 1441
34 650
461 935
142 1401
153 721
1356 1456
459 1365
256 374
101 856
405 1452
539 1477
1366 1436
1204 1335
683 1254
1 283
993 1052
70 857
1204 1369
1453 1489
819 1290
10 749
657 1362
1403 1491
608 901
753 920
586 647
492 958
703 1405
484 783
442 1142
1070 1231
761 846
331 1040
1075 1137
70 566
906 1267
976 1218
243 548
411 844
1293 1449
841 907
586 907
616 1310
850 858
638 720
774 807
860 1154
1042 1370
183 264
1486 1487
1354 1376
1040 1327
1148 1466
176 1423
1286 1320
1165 1321
1216 1349
1061 1234
1195 1205
148 1450
801 871
569 1242
1372 1394
678 785
1323 1358
848 1256
617 1066
302 1081
757 803
621 1191
98 146
1172 1243
1121 1346
282 525
670 1111
761 1046
408 584
1428 1478
715 1062
1474 1491
257 501
790 1369
309 1154
870 1463
47 1292
588 1203
1378 1405
686 1000
720 1448
222 425
857 1233
476 1098
357 1044
404 1096
977 1435
606 1396
1467 1483
911 1177
1172 1250
1214 1483
1057 1275
1465 1496
218 492
457 859
1473 1474
1433 1459
582 1084
1326 1396
504 800
564 714
558 1328
1022 1041
1444 1453
294 952
662 1162
1249 1490
366 1265
1124 1251
1417 1434
963 1450
1058 1400
14 925
1036 1436
1243 1421
176 1151
439 1056
1139 1296
426 889
434 960
699 1393
812 1379
103 390
9 1028
1033 1145
144 1187
882 1397
1154 1282
434 688
396 1273
1038 1132
1033 1142
684 957
972 1296
425 1479
1336 1470
931 1243
651 1403
1307 1423
1324 1492
245 948
963 1009
186 817
81 649
1060 1125
1301 1303
381 693
46 478
756 1215
688 1188
1364 1456
139 1291
1016 1359
53 1450
1120 1302
1089 1370
1321 1391
1347 1454
958 1440
804 1263
1355 1492
1212 1306
1178 1234
1199 1468
1031 1203
612 847
774 1418
289 367
1051 1140
1450 1463
1073 1428
1122 1141
1408 1458
967 982
1262 1289
1320 1440
899 1380
1143 1316
941 1097
895 1112
1183 1416
1363 1439
1024 1321
277 757
570 746
1076 1158
940 1209
941 1154
181 565
1327 1458
765 797
1418 1476
421 485
1088 1258
356 486
1182 1411
1274 1287
1118 1488
1256 1340
238 987
1406 1496
972 1194
1027 1160
1057 1133
785 1395
581 913
389 613
114 847
710 1051
576 1396
897 945
737 1067
692 1313
452 1145
450 1491
981 1156
603 742
868 1336
1055 1330
195 986
1104 1404
706 962
1252 1376
1467 1485
235 1475
981 1041
11 34
462 824
278 641
323 1399
1267 1430
1238 1302
1140 1251
1486 1489
1222 1339
335 821
523 1296
1138 1182
317 690
842 1361
1472 1474
843 932
246 803
787 1476
1387 1473
167 540
955 1192
911 1145
729 873
297 925
976 996
600 1392
250 1232
1176 1426
894 1432
1360 1491
1500 1500
822 1197
1331 1473
564 1311
902 1478
366 900
667 1455
82 1133
248 1048
1206 1306
1484 1490
482 1385
1345 1377
391 1288
1413 1490
1403 1423
708 1196
76 599
1353 1434
836 995
1214 1338
66 387
867 1275
952 1271
991 1031
367 1326
488 936
475 1117
102 1416
571 987
1056 1169
893 1098
376 562
1488 1492
1278 1408
183 1158
438 638
471 1134
680 1492
1275 1449
1304 1499
790 1142
566 681
444 457
1285 1422
823 1249
189 331
321 340
1180 1381
1236 1340
268 303
1464 1492
1376 1408
1096 1238
1327 1492
1059 1412
160 1148
893 1120
1045 1052
409 463
1000 1447
690 1242
944 946
808 1491
424 478
242 1208
363 751
106 1334
397 1027
72 252
1197 1462
432 625
995 1049
896 1105
732 1334
980 982
95 1344
15 843
1022 1273
145 1239
482 1004
1016 1159
1156 1223
527 1233
558 1426
585 690
91 1469
1158 1468
212 650
1184 1196
1209 1494
469 1298
628 1461
502 561
855 1374
534 1361
689 840
56 451
216 1396
288 1390
250 1108
1122 1262
723 1183
1410 1422
480 867
1108 1332
1145 1394
122 779
1475 1499
1351 1462
1429 1484
227 774
1410 1421
588 602
1351 1473
321 1430
1393 1420
726 756
28 1419
984 1146
850 1215
91 773
13 450
218 1058
674 714
1408 1433
545 777
1368 1495
1002 1022
1431 1486
1221 1320
617 1009
1261 1394
1443 1463
345 863
687 798
147 848
492 969
1177 1489
670 1338
323 1484
49 155
350 589
973 993
823 875
395 594
566 1339
1457 1494
867 1357
834 1051
41 848
1090 1300
500 1205
269 539
829 898
491 881
384 648
549 853
138 480
895 1490
1435 1455
1000 1461
120 1091
502 1321
112 1023
1229 1244
1255 1386
1073 1253
244 916
114 984
1011 1203
871 1203
831 1355
402 1201
616 746
1277 1370
1055 1432
327 976
344 556
302 1123
8 1287
1277 1491
118 1365
127 466
947 1271
1072 1382
153 598
556 774
873 1043
289 1370
1342 1381
997 1404
1293 1326
1298 1351
1327 1371
321 508
112 1035
797 1164
909 912
618 730
614 1001
1396 1499
1411 1442
1372 1416
1435 1443
230 696
1092 1213
856 998
915 1021
259 614
484 1411
262 765
525 1011
1107 1115
22 164
107 1335
512 1415
1461 1473
590 1053
276 1257
1141 1300
932 1297
245 322
700 1148
64 438
973 1440
374 1292
1397 1409
625 1136
953 1471
897 933
823 1432
1495 1495
19 1039
778 845
1147 1166
1109 1391
327 1443
1129 1420
1259 1429
144 1240
946 1450
1060 1301
1062 1478
144 462
971 1366
1013 1020
1032 1367
673 1122
720 1046
202 1092
318 534
985 992
810 1158
1143 1431
146 530
200 213
1320 1453
57 771
840 949
601 809
423 671
1460 1497
846 1035
1048 1156
273 915
21 737
399 911
663 771
441 857
540 1374
80 320
1421 1453
1467 1477
818 1210
1020 1357
761 1004
1103 1401
440 1282
1133 1401
420 1446
1172 1360
858 1460
155 787
982 1009
1099 1178
1178 1360
900 966
1005 1421
643 1490
28 870
859 998
1301 1449
282 1308
224 640
59 366
1270 1289
599 1282
570 1475
1478 1491
217 227
356 401
1158 1259
50 98
175 280
913 916
893 1190
987 1360
5 573
1164 1415
99 1267
150 1081
624 732
120 975
1347 1462
938 1309
1292 1448
878 1068
13 1209
5 506
1149 1253
1499 1499
1179 1411
535 1065
1435 1461
998 1300
410 1218
971 1294
591 992
693 1062
777 955
100 336
103 407
242 1375
1423 1442
827 1088
654 1277
227 407
1270 1481
829 1260
1496 1498
630 1126
972 1380
30 558
1207 1457
289 1133
1495 1495
641 1129
167 1418
497 550
757 831
491 952
1109 1271
831 1324
1411 1470
1329 1499
461 1024
396 1498
138 578
973 1500
273 1208
753 1231
274 934
618 1376
160 1280
1466 1497
1434 1437
733 1085
711 1018
703 1353
341 939
179 1076
1108 1259
1076 1150
514 1063
148 575
248 800
1369 1372
1114 1401
1192 1342
339 1346
727 1357
858 899
620 775
1184 1454
228 967
1166 1330
221 1124
123 540
951 971
240 884
591 691
443 676
595 664
213 310
80 1139
1360 1434
388 605
615 831
1276 1327
339 790
772 1121
110 1043
528 944
1405 1423
792 1039
561 894
1032 1280
943 1099
779 919
291 1310
338 674
1160 1354
310 904
395 1482
285 548
902 1234
494 725
802 1287
733 1042
165 746
189 268
901 909
77 960
1176 1227
942 1009
498 909
172 848
320 765
1328 1407
377 1409
745 1257
817 1475
1184 1204
1245 1490
1002 1357
1199 1258
149 653
1109 1181
582 1209
1082 1235
1124 1168
324 699
176 492
98 375
296 1273
1027 1063
1306 1345
1369 1394
1188 1367
590 883
338 1406
147 1344
455 1133
262 358
668 843
1023 1458
263 735
1367 1479
901 971
371 929
517 1333
234 412
558 1083
182 636
402 1140
320 1488
696 749
1041 1250
1218 1332
397 697
492 946
725 1199
1018 1121
78 318
1364 1411
1000 1213
1436 1455
305 1468
818 1255
862 1374
738 1242
670 1383
1468 1468
1098 1102
432 1035
632 1304
757 1210
1446 1465
281 1447
461 1454
1472 1481
312 686
1269 1426
1496 1500
1441 1451
342 982
1127 1207
1162 1347
361 1147
18 892
541 779
595 825
65 696
1445 1478
603 1136
488 1287
789 802
148 896
135 732
1208 1219
38 1266
373 1402
387 774
1444 1496
1336 1406
1033 1476
792 950
1071 1131
8 1479
270 1354
1304 1372
1150 1471
1227 1394
1205 1345
1498 1500
78 619
494 563
505 967
438 689
1397 1440
415 1281
739 780
123 1085
1401 1469
1360 1372
