3000 3000 3000
19 10 19 18 8 11 10 4 15 4 15 4 2 5 8 5 19 20 16 10 10 4 1 18 5 14 14 17 13 1 5 17 19 6 5 20 16 7 12 5 11 20 2 4 16 17 2 10 19 18 3 19 2 5 4 20 3 2 7 10 19 2 4 13 20 15 19 17 14 13 4 6 4 16 15 4 16 18 4 4 6 18 18 9 13 15 15 20 8 8 13 13 16 12 14 18 16 15 10 11 6 1 11 9 14 6 10 18 14 3 15 4 11 12 17 12 1 7 9 16 4 11 20 17 16 4 17 11 3 15 6 20 11 8 5 9 7 16 11 13 16 15 16 1 18 8 18 9 20 3 14 8 7 14 11 11 1 12 5 4 3 1 10 9 16 14 5 16 7 3 11 15 6 16 4 5 3 14 8 12 7 17 6 5 8 9 7 15 8 1 20 13 18 19 5 5 8 13 5 12 15 20 3 20 14 10 19 16 17 19 1 6 15 8 12 18 20 8 14 13 17 17 9 12 8 15 3 18 16 15 11 16 19 17 12 8 11 6 19 17 18 6 20 5 3 13 11 20 6 16 1 16 8 6 18 14 15 11 7 4 12 6 16 4 1 9 19 19 8 4 18 10 12 18 7 7 2 16 7 7 17 3 9 2 6 8 5 3 19 20 10 15 4 16 17 6 5 15 2 13 9 4 5 11 1 4 2 20 4 5 7 12 2 12 12 14 11 11 7 4 4 6 15 16 17 18 16 2 6 9 19 15 7 14 7 14 4 3 11 13 6 20 4 13 12 2 19 9 4 14 3 17 1 18 13 10 14 14 15 9 2 14 6 4 12 19 14 4 11 20 9 20 7 13 3 12 17 6 13 18 9 15 15 5 16 20 18 7 1 10 17 9 7 2 3 5 2 3 16 6 11 5 20 13 11 16 9 13 14 8 12 11 8 9 4 20 16 8 1 12 9 1 16 16 15 16 12 6 12 5 10 2 6 8 17 4 3 6 1 7 1 10 9 17 3 3 15 17 7 9 13 8 9 13 16 19 3 15 4 13 3 11 9 18 11 12 5 4 19 8 6 9 6 5 12 1 11 9 16 4 2 15 20 14 14 19 14 19 7 1 15 15 6 13 1 15 9 11 19 2 14 20 20 3 6 14 6 14 10 8 5 18 15 18 1 2 14 11 7 13 5 6 12 15 7 4 17 1 2 14 17 3 10 5 6 13 19 17 3 15 10 15 5 15 4 16 3 4 17 4 10 5 20 5 5 6 3 12 13 3 8 11 18 5 1 17 15 18 8 12 17 10 20 7 13 10 16 15 8 12 19 8 14 6 5 2 20 15 17 20 11 14 10 20 12 19 10 8 8 12 15 9 9 10 16 4 2 4 11 3 15 18 17 14 11 2 7 4 15 17 8 14 13 12 12 17 5 20 15 7 3 12 17 14 10 15 15 13 13 18 14 9 13 19 2 6 3 13 1 15 11 10 5 13 15 4 7 6 14 20 14 14 9 16 1 17 8 12 11 18 20 5 11 1 12 3 20 10 16 20 10 5 5 1 16 7 9 13 11 18 13 13 19 8 15 16 7 6 16 4 12 20 15 9 20 10 14 18 3 13 16 8 13 13 5 20 11 13 20 9 4 15 3 18 13 12 13 13 5 1 8 7 12 11 19 1 2 15 1 16 15 15 4 14 17 13 20 19 20 16 9 2 13 16 10 15 8 9 14 15 3 9 11 20 8 4 18 2 6 5 7 8 14 1 18 2 19 12 1 13 7 17 7 3 16 14 4 18 15 12 8 16 16 9 11 10 7 1 20 11 6 10 12 18 12 13 2 18 11 13 8 4 2 11 16 1 9 8 19 4 3 9 9 8 8 15 13 2 6 17 10 10 20 11 13 20 14 11 18 20 4 7 2 15 3 19 6 6 2 7 8 3 16 19 16 3 9 6 3 17 18 1 11 8 15 14 10 18 20 5 20 12 8 19 7 19 9 1 2 18 10 14 17 3 12 6 1 1 8 7 12 11 10 10 20 16 11 10 7 4 15 16 2 9 18 18 12 15 14 11 5 7 14 9 2 1 11 8 14 18 1 6 18 4 12 16 7 4 5 14 12 2 9 14 5 12 11 1 6 8 10 13 3 15 13 5 20 19 6 5 19 20 13 10 14 11 7 17 1 7 5 13 19 14 13 13 8 2 10 12 8 8 11 18 3 15 12 5 3 5 17 12 11 10 19 15 5 16 11 3 2 5 11 13 10 9 3 3 20 19 19 5 17 6 20 2 12 4 18 8 9 20 9 14 2 16 3 14 11 13 18 8 1 7 2 19 18 19 6 11 14 12 15 10 14 1 10 1 12 11 12 8 3 17 2 5 20 5 14 15 13 7 10 14 10 13 4 9 14 20 20 13 14 9 12 19 6 10 14 5 18 1 6 12 17 4 4 19 12 7 16 10 8 19 11 9 17 10 14 2 1 7 12 1 20 3 17 13 16 18 15 12 11 11 2 11 15 18 4 2 4 2 20 10 17 10 14 4 1 8 9 10 1 2 14 13 11 17 4 15 17 3 4 5 7 19 3 19 6 13 7 6 8 10 14 18 1 7 11 13 10 14 1 19 16 1 15 6 17 2 17 5 6 6 19 17 15 12 1 14 3 10 19 13 6 4 4 16 15 18 16 9 4 2 15 1 16 5 15 1 17 13 8 17 16 14 20 4 7 20 20 1 1 17 19 13 8 7 13 9 15 14 2 12 6 2 20 16 1 15 15 3 12 2 2 17 5 5 12 9 4 10 2 20 18 16 1 11 2 13 17 4 9 10 7 6 18 9 16 8 8 2 8 11 20 11 16 20 11 12 11 2 16 11 11 14 12 6 19 15 12 15 8 18 14 10 7 10 19 10 14 9 6 10 1 14 18 19 7 6 4 6 11 13 5 1 19 3 4 11 2 16 15 4 18 9 10 18 8 11 15 9 17 15 11 16 18 12 12 7 12 1 1 1 16 8 10 13 12 5 9 1 6 7 19 19 20 7 13 1 7 6 14 2 16 12 12 1 1 4 19 17 17 10 4 20 9 13 16 12 13 1 3 15 20 6 17 8 11 4 5 15 14 6 1 17 4 8 17 4 12 14 6 13 15 12 11 6 7 10 20 17 9 1 4 20 17 3 14 8 3 7 9 10 12 11 7 15 10 13 20 12 3 15 10 4 17 15 9 13 7 14 12 18 7 18 4 5 9 14 3 4 18 16 19 8 13 18 11 2 16 19 17 12 3 3 12 5 2 13 4 19 20 9 2 13 11 20 4 6 9 11 10 11 5 6 3 9 7 17 20 17 19 8 14 11 3 16 5 13 7 7 14 10 9 14 19 12 7 11 8 20 16 2 12 3 13 7 10 3 9 8 14 7 3 13 11 15 17 13 13 5 1 11 9 13 13 1 7 15 18 7 5 2 19 20 11 19 8 18 4 8 19 16 5 3 6 14 9 11 17 15 5 6 8 7 19 10 19 13 3 11 16 10 3 13 9 6 10 12 18 4 17 10 15 14 3 1 3 9 3 14 19 15 9 7 2 20 4 2 15 6 12 16 4 13 1 11 3 19 12 11 2 15 18 13 13 20 13 16 16 5 5 15 1 4 2 11 5 13 5 8 7 6 5 4 3 6 2 2 15 18 6 19 20 15 20 8 6 17 11 9 18 14 1 13 10 4 4 13 12 20 12 10 18 18 1 1 3 18 2 8 15 12 2 11 14 15 3 2 12 2 6 16 10 20 9 7 19 7 17 3 17 1 16 7 1 15 20 10 18 9 16 5 18 15 14 1 13 18 9 9 5 8 12 5 3 16 16 2 18 19 13 6 1 10 14 7 13 7 13 12 9 12 7 7 10 13 3 8 7 11 12 8 3 15 13 9 20 18 6 20 6 20 13 16 2 5 20 12 12 14 6 3 2 13 20 8 9 19 18 19 10 11 18 16 16 8 12 11 20 7 15 18 2 16 6 8 2 5 20 6 19 19 17 19 20 5 8 7 1 5 18 6 20 9 2 6 7 8 5 12 16 12 4 2 20 5 16 9 5 6 5 13 9 3 6 14 9 11 3 6 11 2 18 4 10 6 20 10 4 11 8 7 15 17 3 6 6 6 2 8 1 2 6 13 6 2 6 20 20 3 7 8 18 12 19 10 19 19 16 10 1 10 4 15 17 11 14 12 9 15 6 20 18 3 11 8 1 4 14 18 17 20 17 13 13 2 6 9 2 13 13 20 3 9 10 13 3 1 13 7 10 18 6 13 11 18 8 18 12 13 19 19 3 11 18 1 7 2 16 3 20 20 12 13 20 13 18 9 13 9 6 10 17 4 14 10 11 20 7 20 16 8 13 15 9 18 1 12 13 7 2 16 18 15 20 10 3 12 4 20 8 16 4 2 15 7 13 19 5 15 2 5 13 16 4 8 12 13 20 19 16 13 14 1 10 7 5 11 18 13 10 3 15 4 2 3 10 17 13 3 5 11 12 6 8 20 16 6 12 15 10 5 19 4 13 13 12 12 18 10 9 5 17 6 3 16 2 6 19 19 13 4 11 5 12 5 1 18 1 6 19 16 20 3 7 7 1 16 12 16 4 4 4 9 4 20 7 8 12 19 4 2 6 5 11 7 7 2 19 9 15 12 7 9 6 17 6 18 1 2 20 13 13 3 10 15 10 16 14 13 7 10 15 1 11 5 19 16 6 6 15 7 1 13 17 5 17 10 5 3 8 4 5 2 16 7 15 19 6 8 5 17 12 2 15 2 16 9 8 16 6 16 12 20 10 9 14 12 7 20 20 15 10 1 15 13 20 7 18 18 17 17 15 18 19 3 7 13 18 14 5 16 8 7 5 7 7 12 13 4 4 16 7 2 10 9 18 15 19 11 14 18 15 11 11 13 5 6 4 15 19 8 11 10 10 17 13 13 4 17 20 19 18 7 6 16 15 15 9 19 7 7 20 20 9 12 10 9 2 3 17 1 2 12 1 15 11 4 5 18 13 11 17 3 14 7 3 2 14 20 17 1 3 16 14 7 8 9 1 13 17 6 3 19 15 17 14 12 16 6 6 19 1 5 6 1 9 15 20 11 6 6 7 5 2 15 8 16 11 11 7 5 16 20 4 20 6 18 20 12 20 13 16 9 1 10 6 7 19 13 1 6 4 3 6 1 6 14 15 17 14 5 13 18 14 4 1 3 8 2 6 14 6 2 18 3 16 14 8 7 18 15 7 17 6 10 14 18 10 9 2 8 7 8 4 3 4 9 3 11 17 7 11 11 5 13 9 14 14 1 10 17 14 9 7 6 17 7 10 4 19 18 19 5 17 10 19 14 7 18 15 14 10 14 16 8 8 18 10 11 4 12 19 18 19 16 16 11 3 2 10 19 5 5 3 13 16 14 6 20 3 4 9 9 9 2 13 11 14 9 20 15 2 17 7 4 10 11 13 11 3 12 8 7 10 10 17 12 12 2 5 10 18 17 20 4 10 11 1 1 13 3 2 15 11 1 7 4 12 4 9 3 16 2 9 19 20 3 1 1 14 5 11 12 11 2 6 12 19 8 15 15 17 12 19 4 15 4 4 12 14 14 5 8 10 12 20 18 12 4 17 4 17 8 6 4 14 20 13 4 1 1 10 5 13 16 20 2 12 7 3 19 16 10 6 9 2 1 18 3 20 11 1 7 2 7 15 5 18 8 16 12 9 19 8 6 14 5 6 17 4 5 11 1 15 9 3 11 14 4 18 10 12 5 7 13 8 10 8 11 5 7 6 11 5 16 13 8 17 3 2 20 3 18 11 14 15 3 12 20 13 13 5 9 15 1 16 16 17 6 6 11 16 10 15 7 19 13 6 17 11 1 15 1 18 8 14 5 6 12 18 13 16 6 2 20 11 3 7 18 11 16 17 9 1 5 14 10 3 9 12 2 6 7 1 12 20 3 19 6 10 18 9 9 13 11 2 16 19 10 1 8 17 12 3 5 16 3 5 3 4 14 4 12 13 3 10 6 13 1 8 12 4 6 4 8 10 3 15 5 13 19 20 1 8 4 10 13 13 19 18 15 14 2 2 10 11 16 4 4 3 8 9 5 9 18 5 20 12 20 19 18 6 14 19 18 14 9 6 7 11 14 18 18 19 19 14 15 5 20 19 8 17 2 10 5 7 5 20 15 4 6 10 18 18 9 5 13 5 11 2 18 9 13 2 17 16 16 15 19 11 2 9 15 5 9 1 8 6 3 13 1 1 1 14 4 2 7 4 1 18 6 15 18 16 19 9 7 9 19 5 3 19 12 8 15 4 6 6 11 1 10 6 13 7 6 9 18 1 20 6 6 1 15 13 4 14 14 7 12 7 1 13 19 13 6 4 10 5 14 15 13 12 14 13 19 5 9 10 8 13 4 20 5 17 18 11 14 10 11 1 12 13 17 19 6 18 4 10 2 7 8 8 19 11 15 6 15 11 14 7 5 3 7 20 13 17 17 12 9 3 20 14 17 12 9 6 7 8 13 14 14 9 19 20 13 8 19 13 2 6 8 9 14 7 4 19 4 11 6 17 8 18 4 13 15 6 3 20 17 17 19 17 19 3 13 8 16 1 17 6 16 17 19 5 8 19 16 1 9 20 20 12 15 4 8 4 2 14 19 10 7 12 2 6 15 17 16 5 9 15 6 5 5 11 2 16 1 15 2 9 17 13 13 14 16 19 11 20 5 19 11 9 8 7 12 15 13 14 18 2 11 10 16 2 5 11 3
9 6 1 12 9 17 9 7 7 20 6 8 19 14 4 6 13 8 19 11 14 13 6 14 9 14 13 12 2 10 11 12 11 8 15 7 9 6 16 11 18 11 12 1 2 8 14 12 10 16 18 2 16 13 4 18 13 9 20 1 4 19 5 1 14 9 18 18 17 7 20 10 11 2 18 20 19 1 15 20 5 4 18 6 10 3 15 17 15 18 2 4 10 19 14 8 4 2 12 2 3 20 1 13 18 20 1 20 6 1 18 13 18 9 11 6 12 6 1 8 18 9 3 2 19 19 5 2 1 5 1 10 13 14 9 18 2 15 14 14 2 17 7 19 1 7 8 6 4 15 3 6 12 16 9 13 19 9 16 2 11 16 18 16 15 20 19 8 15 17 20 5 14 10 12 10 14 12 2 8 19 20 13 11 8 7 10 10 12 6 8 20 19 19 9 13 18 12 11 3 4 16 2 19 17 20 4 7 15 3 7 11 8 17 7 12 19 17 4 6 15 11 17 6 14 2 10 7 20 3 20 8 14 18 9 13 5 8 20 16 17 7 2 9 3 10 9 7 7 14 17 12 18 11 9 2 2 20 5 5 6 5 7 13 2 6 17 6 17 13 15 16 6 15 11 18 3 18 12 2 3 14 12 15 6 20 14 16 1 15 9 5 10 8 20 1 13 11 18 15 14 13 3 5 13 14 19 10 11 12 6 7 15 2 7 15 13 12 18 13 17 2 8 17 9 4 15 20 17 12 14 3 5 19 14 12 17 20 11 13 2 5 2 13 15 11 11 2 9 4 1 7 19 7 16 16 17 6 10 7 18 15 18 15 2 7 19 6 14 3 8 1 1 15 4 15 10 17 4 8 18 8 2 20 12 11 9 14 15 2 4 20 8 18 6 18 3 18 2 15 18 17 1 3 2 15 1 10 3 13 12 10 4 6 6 2 14 15 18 13 12 4 20 1 11 12 19 17 11 1 17 9 13 4 9 5 11 5 13 13 18 7 3 10 3 10 3 10 1 15 4 5 2 17 12 16 2 7 19 4 7 6 18 19 12 5 11 14 18 14 3 6 11 19 5 3 16 11 4 13 16 13 11 16 7 11 18 5 1 6 9 6 12 17 8 8 8 15 10 20 15 5 5 9 14 5 17 20 11 2 9 1 4 10 13 17 15 12 3 6 7 8 13 5 3 5 1 19 15 12 4 11 18 8 16 3 16 12 18 3 16 14 14 1 5 1 3 1 9 15 11 14 11 15 20 6 5 4 5 4 8 16 7 10 11 16 9 13 7 12 17 18 13 7 1 12 6 10 12 6 16 20 8 6 12 10 9 1 8 3 12 2 17 10 11 16 14 7 11 4 15 1 5 2 20 7 12 7 1 8 5 13 14 11 2 15 14 9 10 3 13 7 19 20 11 2 11 10 12 8 14 8 19 8 1 15 12 5 5 10 14 11 18 17 16 3 2 10 10 19 2 17 19 12 11 9 5 1 10 6 18 18 1 10 20 10 2 1 18 12 13 1 12 13 4 3 14 4 13 9 17 14 7 10 5 11 11 3 7 18 9 19 15 10 1 14 18 12 10 6 3 10 16 4 17 9 13 9 3 3 16 14 20 7 15 18 13 4 12 5 18 7 18 17 3 16 8 19 7 13 7 7 13 5 18 15 7 7 16 9 14 5 16 3 9 9 2 13 18 8 20 13 12 16 11 15 10 3 13 6 16 10 7 5 4 19 12 8 14 20 15 19 13 13 3 18 10 9 10 13 1 17 17 6 14 4 18 18 18 16 3 1 7 16 18 13 18 12 1 13 3 18 1 1 10 3 11 9 15 19 7 3 7 13 4 12 6 13 11 7 12 20 4 5 5 8 13 13 15 7 8 9 13 12 3 13 16 20 19 15 13 20 18 15 16 20 10 13 5 8 7 1 18 16 13 3 9 14 5 18 9 13 11 1 16 13 17 18 2 13 17 19 19 3 3 13 19 13 17 4 15 8 9 11 20 4 13 10 1 14 12 12 8 15 4 4 6 20 4 17 5 2 2 5 8 3 7 15 6 5 4 6 11 5 13 5 16 6 20 17 7 19 19 10 7 12 11 19 8 6 2 14 17 1 16 16 5 13 7 9 5 18 18 9 3 15 7 16 7 6 9 8 16 18 2 12 20 11 1 12 7 9 15 4 15 1 13 16 13 18 11 14 5 15 8 20 19 18 8 15 4 13 13 13 5 9 20 16 13 3 14 1 3 15 17 10 13 14 16 3 1 6 15 17 13 6 16 19 6 12 11 1 17 8 2 9 5 20 16 7 18 5 18 1 13 7 17 11 14 18 10 15 13 11 16 6 11 4 19 2 19 17 4 5 2 9 18 10 12 20 1 4 12 10 3 11 7 8 10 2 13 4 11 10 7 17 9 9 9 2 14 20 15 6 15 3 20 3 8 5 11 18 8 10 15 16 20 17 12 8 1 5 20 14 5 19 7 16 7 12 15 3 8 6 13 9 16 7 19 5 14 4 5 5 16 13 14 1 9 13 9 18 15 16 10 5 7 12 3 20 18 20 8 16 20 20 13 1 2 3 12 18 13 13 10 7 20 18 18 18 3 17 11 2 9 13 10 7 11 13 1 13 3 2 6 20 19 9 3 6 12 13 13 13 19 14 8 3 8 3 4 4 8 2 6 3 1 4 1 14 11 1 14 17 18 14 7 14 9 10 9 15 6 6 16 8 18 11 3 2 10 4 11 3 20 15 20 13 19 1 17 16 6 20 12 18 2 7 20 3 19 12 12 18 6 8 18 9 9 7 20 8 10 13 7 1 13 13 13 16 14 4 10 13 13 9 15 16 11 2 18 11 18 3 20 11 2 13 10 16 20 20 14 15 15 16 12 10 6 5 15 2 16 2 14 4 14 15 10 14 16 11 9 7 4 18 20 11 7 5 20 4 11 19 14 16 18 10 9 11 1 7 18 12 11 9 10 9 13 16 14 14 5 18 15 9 16 9 2 19 16 2 14 19 2 19 16 9 5 3 12 9 16 13 5 11 13 6 18 20 3 9 4 10 11 4 3 4 12 1 20 5 14 8 1 3 5 17 13 15 7 7 12 5 17 11 1 1 16 7 19 4 13 9 6 6 18 15 11 3 17 2 14 11 9 6 14 20 2 1 15 17 16 14 6 3 19 3 15 6 6 16 1 14 10 12 8 4 2 12 1 1 4 4 19 20 17 8 13 12 13 12 9 7 1 15 7 7 14 12 13 20 18 5 2 17 1 20 8 14 5 16 9 10 7 9 2 16 10 10 17 12 20 10 14 5 11 9 9 6 18 8 4 11 4 11 2 12 19 2 11 19 20 18 4 5 1 7 15 17 12 1 13 1 8 15 1 12 10 12 16 1 3 17 17 7 20 1 7 9 16 19 2 10 6 7 8 10 16 8 4 19 12 9 1 17 3 5 6 7 16 4 19 17 15 12 17 9 6 8 18 8 19 2 13 7 20 18 10 7 2 9 15 2 5 19 7 10 16 3 4 12 15 4 7 5 7 12 9 18 1 11 6 4 7 6 6 8 16 11 14 12 14 6 6 20 13 16 5 13 12 19 7 16 12 4 4 17 15 12 4 6 7 6 8 5 1 2 6 16 12 10 3 18 6 17 4 9 7 8 14 17 5 14 11 1 11 7 4 11 3 9 10 8 14 7 9 4 8 19 15 8 19 13 20 16 6 13 8 8 19 13 19 8 14 19 17 8 3 6 13 17 7 5 18 17 1 16 20 9 19 17 19 13 14 4 2 6 4 6 11 3 1 14 17 17 20 7 9 6 16 14 14 7 19 10 10 18 12 10 1 7 12 18 9 17 20 9 17 1 1 16 5 15 19 7 14 15 20 18 3 3 10 18 16 13 17 1 5 7 12 18 9 9 5 9 7 8 13 1 8 16 1 20 3 11 6 16 20 9 13 10 12 18 12 7 13 15 11 3 7 1 13 8 13 5 8 14 8 10 19 2 20 5 14 11 17 13 5 13 8 8 10 14 19 20 20 1 7 4 1 2 13 2 12 17 4 5 12 8 14 20 10 10 3 9 4 16 8 5 10 1 6 4 12 18 17 16 13 6 7 11 18 3 5 7 10 13 10 6 2 19 4 10 9 20 12 14 14 6 13 20 14 13 9 19 6 16 14 5 7 8 9 17 13 2 11 12 18 14 18 15 19 3 4 9 14 19 17 11 12 11 9 2 6 10 16 20 4 20 16 16 7 2 3 2 7 3 7 9 2 7 16 17 8 2 4 2 19 16 18 11 10 8 6 11 7 9 16 10 1 6 15 19 10 15 17 1 15 2 3 13 3 15 16 17 13 8 10 8 13 5 4 5 19 6 16 9 6 16 2 8 16 14 17 11 2 7 5 12 7 15 5 5 10 7 20 13 2 11 10 20 3 15 13 17 2 20 18 20 4 18 4 16 10 7 17 2 9 6 6 18 19 8 14 6 14 15 19 11 6 1 12 10 12 17 8 1 19 20 3 12 4 6 15 4 6 9 18 1 1 3 7 16 13 14 6 4 1 17 20 6 14 14 6 18 10 19 13 5 13 20 20 20 11 3 5 9 1 14 15 10 2 13 16 19 6 20 14 11 6 6 11 15 5 11 2 4 17 7 5 14 16 5 2 8 4 4 15 14 10 1 18 4 8 10 10 15 4 20 11 19 5 6 1 14 15 19 10 19 1 11 20 5 4 10 6 5 13 19 13 10 4 5 20 4 3 19 6 18 3 12 1 12 2 9 3 10 12 1 4 11 6 14 19 14 9 19 10 17 8 16 6 20 18 2 12 13 19 9 11 14 13 14 3 16 8 6 14 8 2 10 15 20 3 12 12 20 19 13 18 10 9 17 6 7 4 10 12 4 20 13 9 3 3 3 1 19 15 14 15 3 2 16 17 13 2 9 6 15 17 5 12 16 4 15 20 15 17 12 2 7 7 1 2 15 12 15 14 17 4 4 19 4 8 16 5 1 6 20 9 16 8 1 5 16 3 20 18 1 14 2 20 1 13 13 9 15 2 12 12 6 6 1 14 14 4 3 19 2 6 9 18 17 20 5 13 13 14 6 15 7 18 10 8 7 3 13 12 7 18 7 20 16 7 15 19 2 10 13 14 7 16 5 12 20 9 10 15 12 9 5 18 17 20 17 18 7 15 8 4 4 1 13 16 9 19 16 18 16 4 20 16 19 6 19 16 3 18 11 17 2 10 2 2 17 4 19 20 5 5 4 7 5 2 12 20 10 2 20 4 15 11 6 19 12 10 3 7 10 14 17 20 10 11 19 19 8 3 2 17 13 3 11 12 14 13 12 5 3 5 11 15 8 1 10 12 5 19 11 8 13 13 3 16 11 6 7 15 7 16 10 13 14 16 13 1 5 1 6 13 19 3 15 6 11 7 5 10 17 10 17 15 15 18 7 6 12 7 7 3 17 4 20 14 7 8 17 15 6 12 18 7 17 1 19 2 13 13 12 5 12 20 16 9 10 14 18 15 15 10 6 20 1 13 4 20 8 1 4 12 15 8 3 17 20 14 4 7 3 4 12 11 3 15 16 5 2 1 6 14 12 13 13 9 9 2 5 4 20 2 7 15 11 4 1 16 2 7 6 2 19 15 14 4 6 7 12 11 20 18 17 7 6 4 14 11 4 13 7 5 16 14 1 9 4 2 18 18 17 16 12 11 2 8 13 1 13 11 20 17 1 9 12 10 12 1 18 14 3 15 13 19 20 4 16 16 19 9 9 1 3 14 5 14 15 7 2 5 11 4 12 14 12 9 3 19 4 8 6 6 11 18 19 11 9 15 16 8 3 8 14 2 5 8 10 14 13 4 14 7 8 1 3 9 17 18 3 19 11 7 17 5 18 10 15 18 9 13 17 20 12 20 14 10 18 20 12 5 15 17 17 15 15 1 20 13 16 17 4 15 18 10 5 8 6 19 20 2 5 10 18 5 7 9 8 5 12 8 8 12 18 13 8 7 6 5 6 7 9 19 19 5 19 15 4 20 20 14 9 5 13 14 14 10 8 4 13 8 15 3 17 6 12 14 11 12 10 9 1 4 8 17 5 7 11 9 3 20 15 19 14 7 19 17 16 19 4 9 1 2 6 8 18 7 10 19 1 8 6 3 12 11 6 5 2 4 11 5 12 20 6 2 6 20 16 5 5 20 6 9 9 9 9 2 7 4 20 4 14 11 7 6 10 18 18 3 8 5 8 16 5 13 3 5 17 5 7 11 12 12 13 20 10 13 8 8 1 11 7 12 9 4 15 16 2 4 2 3 10 6 10 1 20 12 12 18 3 4 9 1 18 16 7 11 19 19 17 8 8 14 15 10 15 5 20 13 15 4 16 3 15 15 3 4 17 20 18 18 12 5 16 5 2 11 14 6 18 13 13 7 8 16 11 15 19 13 15 4 18 20 2 7 10 17 19 8 10 15 10 1 1 18 9 14 10 12 4 3 4 20 8 1 18 2 13 12 18 18 13 15 12 13 14 4 1 20 12 17 2 1 2 6 1 2 17 6 6 14 6 6 8 10 7 18 7 3 16 15 6 14 5 20 10 15 1 14 6 4 3 18 1 9 14 13 18 8 17 18 14 8 10 17 5 15 5 1 5 16 6 18 14 6 13 2 3 12 19 13 15 11 18 12 3 20 7 1 3 17 14 8 19 15 1 3 16 3 19 5 12 6 2 14 1 6 17 6 14 17 9 1 16 9 7 13 6 2 6 19 19
2851 2854 2597 2600
2772 2795 1779 1802
2557 2592 1226 1261
1151 1210 905 964
1456 1467 656 667
2858 2908 1994 2044
1228 1243 1546 1561
2194 2253 1935 1994
839 850 1628 1639
279 283 498 502
1782 1810 1704 1732
230 288 1849 1907
553 606 1221 1274
2154 2196 447 489
1777 1800 2244 2267
1730 1785 1585 1640
722 776 2081 2135
2582 2618 822 858
913 963 1223 1273
2083 2106 1774 1797
1255 1277 2153 2175
1565 1623 1484 1542
182 236 861 915
367 399 972 1004
1993 2014 1763 1784
2954 2965 155 166
883 912 582 611
1704 1752 2031 2079
2882 2895 2750 2763
2730 2747 1039 1056
2103 2138 884 919
2729 2750 1883 1904
1963 1982 507 526
165 217 342 394
2772 2789 2718 2735
707 761 577 631
824 829 2914 2919
620 624 646 650
2355 2366 2830 2841
154 197 2100 2143
2763 2788 1812 1837
2056 2072 1204 1220
179 192 470 483
610 611 232 233
1372 1372 712 712
64 104 2386 2426
2005 2063 2542 2600
1619 1666 2247 2294
2370 2406 457 493
1930 1972 1859 1901
2461 2477 1731 1747
702 727 2867 2892
2381 2381 2793 2793
2775 2801 2571 2597
2000 2054 348 402
2160 2185 2539 2564
1972 1980 1914 1922
10 13 1302 1305
1852 1903 343 394
2839 2891 1722 1774
1600 1622 2485 2507
2673 2676 2140 2143
738 751 1009 1022
2763 2817 893 947
922 972 775 825
876 922 544 590
131 141 2677 2687
1818 1864 2519 2565
703 704 1065 1066
1034 1049 119 134
208 223 384 399
2631 2645 77 91
133 179 1759 1805
1070 1094 2499 2523
562 601 2062 2101
84 114 1105 1135
2490 2499 1363 1372
1197 1254 134 191
198 207 213 222
2354 2361 48 55
969 977 2845 2853
1808 1830 2279 2301
186 202 2736 2752
2694 2705 2591 2602
2768 2799 1464 1495
1796 1842 1892 1938
1189 1208 379 398
296 321 155 180
1825 1872 50 97
583 595 2647 2659
1275 1301 703 729
4 29 1402 1427
1935 1936 2612 2613
2657 2702 784 829
737 787 1538 1588
1928 1968 1245 1285
1535 1578 709 752
2164 2189 2368 2393
238 279 1700 1741
1681 1690 284 293
324 329 2040 2045
2599 2607 2969 2977
1891 1942 1083 1134
1478 1514 950 986
209 215 2683 2689
320 323 2592 2595
1032 1069 1658 1695
1256 1257 2938 2939
801 860 1427 1486
219 228 2173 2182
1614 1663 1675 1724
1642 1691 1312 1361
2416 2431 2816 2831
385 414 1765 1794
762 817 2164 2219
2311 2318 915 922
2749 2783 1707 1741
937 980 1969 2012
2836 2881 2142 2187
238 256 1901 1919
661 682 436 457
524 580 2927 2983
2777 2824 1811 1858
1044 1087 1340 1383
699 730 69 100
332 371 2762 2801
1580 1611 1346 1377
2807 2811 1028 1032
1055 1103 1721 1769
2512 2559 1248 1295
1285 1318 2309 2342
2249 2256 1064 1071
335 376 1854 1895
1350 1400 912 962
481 484 2662 2665
2140 2144 2816 2820
787 831 2600 2644
1540 1564 2857 2881
956 961 1599 1604
2024 2056 2431 2463
1969 1995 142 168
2658 2711 463 516
1201 1238 564 601
244 268 2934 2958
102 119 2251 2268
1261 1282 466 487
2075 2114 2073 2112
616 675 1226 1285
1269 1318 2363 2412
25 31 1432 1438
1505 1518 2857 2870
1559 1592 1591 1624
599 641 2174 2216
1727 1740 738 751
1149 1184 81 116
2635 2662 2145 2172
2436 2478 2285 2327
1642 1676 350 384
1674 1712 2329 2367
642 672 2826 2856
2000 2049 1169 1218
1845 1884 2754 2793
1768 1788 1702 1722
1125 1169 777 821
2720 2778 1490 1548
2622 2644 2741 2763
815 842 946 973
1401 1426 278 303
716 732 116 132
2614 2617 1500 1503
1600 1601 1469 1470
293 341 1966 2014
2851 2857 1124 1130
382 440 380 438
2749 2790 1143 1184
302 311 1390 1399
493 547 1897 1951
1202 1215 1551 1564
1957 1964 2886 2893
2544 2595 2738 2789
1821 1835 1312 1326
1956 1959 2905 2908
1512 1551 1302 1341
2825 2878 2318 2371
643 658 1549 1564
2748 2754 50 56
1460 1498 1154 1192
218 223 967 972
662 680 2279 2297
1018 1045 805 832
1994 2015 795 816
96 106 1098 1108
1731 1789 2744 2802
1059 1102 2387 2430
1353 1399 272 318
2812 2859 2262 2309
1352 1395 560 603
2863 2906 954 997
76 89 2288 2301
2802 2825 1721 1744
919 930 2287 2298
2390 2413 2281 2304
2533 2577 2164 2208
249 279 1145 1175
818 875 2835 2892
2319 2340 1000 1021
2859 2918 2058 2117
1492 1527 2779 2814
2267 2268 2674 2675
2352 2376 1250 1274
354 375 733 754
2320 2328 541 549
332 353 2112 2133
469 516 1516 1563
477 478 770 771
1912 1954 49 91
213 230 2133 2150
46 78 2829 2861
1586 1621 2129 2164
545 562 2315 2332
2562 2596 1958 1992
1521 1568 2871 2918
1281 1288 2298 2305
1206 1244 1342 1380
1843 1855 2774 2786
1004 1017 304 317
236 239 757 760
2559 2578 160 179
1158 1158 2853 2853
1042 1048 2459 2465
494 499 2879 2884
1009 1065 2754 2810
1026 1035 1756 1765
2295 2327 496 528
2367 2423 2035 2091
1592 1626 2646 2680
2484 2511 754 781
2345 2387 2685 2727
1753 1779 2527 2553
325 351 228 254
1311 1321 1486 1496
650 652 1332 1334
1212 1233 2163 2184
2644 2692 2935 2983
792 823 1313 1344
1554 1570 721 737
88 101 2963 2976
1074 1090 909 925
2591 2630 1883 1922
1970 2021 344 395
1018 1025 2113 2120
1969 2011 2239 2281
1506 1518 2450 2462
2419 2463 1874 1918
1133 1178 143 188
2426 2447 274 295
1630 1662 1864 1896
1964 1965 2294 2295
1686 1743 105 162
1906 1949 2440 2483
602 654 1843 1895
509 564 47 102
2929 2966 2880 2917
2075 2107 2539 2571
2538 2546 843 851
37 47 2340 2350
1481 1496 823 838
1443 1470 2494 2521
911 926 2968 2983
1226 1253 808 835
417 428 2344 2355
2703 2744 2176 2217
1645 1701 948 1004
258 280 1889 1911
546 597 2346 2397
1693 1745 108 160
783 794 927 938
55 97 2473 2515
498 553 2564 2619
2724 2759 2822 2857
2734 2772 2165 2203
975 1033 359 417
304 319 2020 2035
1401 1448 1493 1540
2030 2063 508 541
12 68 493 549
2814 2841 2563 2590
1828 1845 2286 2303
2340 2370 385 415
2729 2750 796 817
1607 1640 2207 2240
1625 1649 1225 1249
1349 1370 2140 2161
1721 1763 1887 1929
334 366 1680 1712
26 47 1337 1358
2968 2973 2861 2866
2548 2568 725 745
1807 1847 2494 2534
791 795 2547 2551
2360 2395 1727 1762
2866 2886 1431 1451
2619 2638 2426 2445
201 246 110 155
2413 2427 1500 1514
2408 2415 863 870
2152 2195 407 450
1020 1067 2526 2573
2119 2143 2886 2910
185 229 292 336
1970 1983 1864 1877
1546 1583 2200 2237
2424 2434 453 463
631 649 966 984
2341 2377 835 871
1653 1677 2627 2651
848 900 1655 1707
675 721 1939 1985
338 390 1918 1970
858 899 404 445
2193 2234 485 526
58 63 692 697
1388 1394 923 929
168 170 256 258
2916 2950 778 812
1126 1162 2447 2483
2582 2609 745 772
2473 2520 709 756
1623 1643 2779 2799
424 480 2046 2102
2901 2920 1380 1399
2215 2251 912 948
508 554 1475 1521
375 380 556 561
455 487 2025 2057
1046 1064 967 985
1798 1819 1655 1676
897 941 1557 1601
2140 2170 201 231
6 14 1560 1568
2821 2832 1258 1269
150 171 693 714
1107 1130 501 524
2579 2635 88 144
2932 2965 1019 1052
2851 2868 2522 2539
2683 2739 2006 2062
1642 1646 2521 2525
1013 1035 849 871
2018 2039 941 962
307 327 2708 2728
80 128 2365 2413
2759 2789 2047 2077
820 853 1252 1285
1046 1082 253 289
2850 2863 2716 2729
434 484 899 949
739 756 834 851
2842 2842 2468 2468
50 69 2732 2751
135 161 2860 2886
2675 2692 2745 2762
817 819 2735 2737
2581 2630 99 148
597 599 1361 1363
2236 2244 145 153
31 72 31 72
2483 2488 1074 1079
1585 1627 854 896
1702 1757 2192 2247
584 621 1613 1650
80 126 973 1019
1407 1421 1151 1165
1768 1805 1865 1902
1252 1284 1757 1789
2177 2182 922 927
2969 2989 307 327
2829 2878 2662 2711
2723 2757 43 77
2429 2446 1751 1768
1155 1182 2235 2262
535 537 2945 2947
298 303 70 75
210 251 1978 2019
2730 2743 964 977
962 998 2100 2136
774 816 1834 1876
1454 1513 2556 2615
2801 2829 1167 1195
251 303 139 191
1741 1783 2350 2392
2234 2272 2032 2070
978 1002 1477 1501
2505 2538 2093 2126
1616 1663 2582 2629
2050 2089 1206 1245
1796 1800 2433 2437
1590 1633 1235 1278
1146 1163 744 761
2465 2481 1155 1171
2406 2408 777 779
1972 1974 698 700
1040 1090 1941 1991
1432 1437 2599 2604
913 917 50 54
2120 2151 2840 2871
1958 1974 1701 1717
795 806 2216 2227
1708 1740 2298 2330
257 259 1221 1223
1180 1183 2448 2451
1487 1530 409 452
1991 2040 78 127
1818 1836 317 335
1427 1454 378 405
1412 1416 2338 2342
1194 1247 1636 1689
1119 1125 1963 1969
967 997 699 729
1543 1560 1603 1620
1920 1937 137 154
456 477 2204 2225
1337 1377 1071 1111
539 583 2300 2344
1036 1078 1630 1672
979 985 1788 1794
1417 1457 1249 1289
45 50 2613 2618
610 648 2766 2804
234 250 2570 2586
411 434 1787 1810
2440 2456 2564 2580
531 588 975 1032
1699 1715 262 278
2981 2995 1562 1576
471 471 2499 2499
2215 2234 1607 1626
2437 2459 1171 1193
486 511 1136 1161
2591 2613 1510 1532
837 869 2350 2382
1323 1351 62 90
612 661 1575 1624
1277 1333 42 98
1602 1634 2341 2373
1453 1483 1123 1153
2385 2438 2936 2989
7 31 80 104
2022 2080 1343 1401
2944 2951 2746 2753
1235 1265 2351 2381
1877 1927 237 287
290 309 2248 2267
508 509 874 875
1699 1713 1440 1454
2237 2266 221 250
2456 2473 1112 1129
807 807 968 968
2186 2196 203 213
628 682 2027 2081
1893 1937 2703 2747
228 270 2048 2090
1401 1436 2564 2599
2289 2340 2400 2451
1648 1659 1182 1193
1192 1224 2466 2498
2788 2798 2066 2076
1156 1172 498 514
2713 2739 1282 1308
598 627 1820 1849
2149 2201 1645 1697
573 605 1964 1996
1345 1380 981 1016
743 772 2358 2387
866 908 952 994
1452 1477 556 581
1535 1537 1267 1269
1885 1930 1359 1404
2537 2581 1556 1600
638 677 2410 2449
731 754 616 639
2048 2083 1619 1654
827 834 2307 2314
191 217 2403 2429
2786 2820 1344 1378
1808 1855 2476 2523
1607 1608 352 353
661 705 1695 1739
1624 1673 1686 1735
2220 2231 762 773
369 419 1702 1752
1490 1525 2645 2680
1285 1329 1046 1090
428 485 2683 2740
145 165 215 235
1196 1238 909 951
283 319 527 563
2217 2226 256 265
328 335 1328 1335
2358 2395 707 744
2296 2307 319 330
1367 1386 1966 1985
2843 2858 2612 2627
772 774 2858 2860
1310 1327 624 641
1919 1947 1723 1751
661 720 1845 1904
184 219 2025 2060
864 900 34 70
782 799 2200 2217
1733 1749 2548 2564
438 455 1622 1639
701 727 409 435
2008 2034 1938 1964
2843 2855 2060 2072
2846 2859 1176 1189
1820 1876 1887 1943
2 54 2541 2593
2368 2372 2735 2739
2358 2398 739 779
1128 1177 2236 2285
413 430 777 794
1852 1870 1753 1771
858 858 1654 1654
1059 1082 2528 2551
1248 1289 322 363
2933 2966 1391 1424
1231 1289 1499 1557
2876 2876 1668 1668
2687 2702 510 525
2762 2808 525 571
2768 2774 2211 2217
1991 2008 181 198
1462 1494 1678 1710
2253 2275 2947 2969
2773 2781 708 716
893 945 2434 2486
2313 2326 286 299
2314 2343 2113 2142
2778 2784 1638 1644
2634 2635 290 291
2283 2314 2151 2182
1121 1153 1121 1153
625 635 1274 1284
1869 1903 2927 2961
1290 1321 532 563
2358 2369 2284 2295
117 152 1613 1648
2763 2815 1166 1218
828 831 2533 2536
2821 2844 2163 2186
1382 1399 1199 1216
2035 2062 1417 1444
455 485 2661 2691
1421 1460 921 960
1177 1205 2463 2491
1818 1828 1295 1305
310 358 2869 2917
2145 2173 197 225
602 647 2544 2589
367 393 230 256
2014 2043 2737 2766
949 961 1470 1482
1225 1266 2054 2095
99 144 812 857
2128 2186 250 308
1631 1647 2255 2271
314 324 887 897
2513 2527 1689 1703
2674 2678 2663 2667
139 173 1030 1064
1531 1553 2444 2466
1701 1709 593 601
210 258 2855 2903
1636 1647 2055 2066
917 948 1973 2004
1050 1096 1519 1565
2969 3000 314 345
2850 2909 1705 1764
1943 2001 1664 1722
1308 1330 683 705
2446 2470 186 210
1108 1148 217 257
1346 1367 1571 1592
2 5 639 642
2937 2963 2524 2550
1880 1884 892 896
2376 2406 1212 1242
175 187 909 921
402 421 1395 1414
299 310 1267 1278
629 684 823 878
2164 2219 539 594
297 320 1400 1423
2171 2228 2575 2632
1159 1202 2388 2431
540 579 2805 2844
2771 2775 1753 1757
1177 1233 1953 2009
269 328 460 519
402 442 1580 1620
2070 2110 2016 2056
2577 2606 2183 2212
439 448 138 147
1566 1574 1543 1551
1672 1697 1993 2018
2026 2033 963 970
1089 1094 1920 1925
1523 1581 1217 1275
2093 2140 350 397
2587 2627 1647 1687
140 195 487 542
214 256 633 675
2124 2158 195 229
1345 1399 393 447
2388 2400 172 184
1172 1196 2765 2789
1221 1222 298 299
1057 1062 2040 2045
102 138 2818 2854
2538 2584 510 556
970 983 1764 1777
1186 1238 1059 1111
1407 1448 1636 1677
2091 2142 1093 1144
2791 2830 139 178
1577 1612 1269 1304
919 949 397 427
1448 1472 2078 2102
732 763 956 987
986 1006 2466 2486
2089 2139 2647 2697
2698 2746 1915 1963
425 446 2944 2965
1973 2003 640 670
2287 2297 1729 1739
1469 1493 2370 2394
2333 2384 2870 2921
81 123 299 341
2878 2900 2653 2675
2176 2230 667 721
1362 1362 2595 2595
2959 2970 1146 1157
1433 1450 858 875
378 391 2250 2263
1706 1713 2233 2240
1071 1117 1238 1284
1327 1358 1482 1513
2645 2672 1208 1235
1353 1390 732 769
711 758 856 903
1955 1996 2591 2632
160 218 1104 1162
971 1005 2365 2399
2919 2920 2041 2042
893 929 868 904
871 895 154 178
2778 2811 2530 2563
2848 2861 309 322
1082 1127 1321 1366
1290 1312 1658 1680
1529 1555 749 775
1600 1649 2285 2334
302 346 459 503
579 587 1580 1588
1969 1978 1549 1558
1794 1852 661 719
820 863 1706 1749
1546 1559 1272 1285
1369 1426 1076 1133
1510 1544 499 533
2520 2538 580 598
1750 1806 1768 1824
2618 2673 2596 2651
1664 1690 1370 1396
919 936 977 994
2418 2434 1948 1964
2703 2708 2705 2710
2250 2286 1456 1492
1484 1517 2470 2503
835 880 2073 2118
650 688 2172 2210
2125 2165 2354 2394
1652 1692 1572 1612
1314 1337 684 707
2383 2432 75 124
230 246 283 299
1021 1069 1761 1809
1440 1466 1864 1890
768 807 2785 2824
2498 2523 2069 2094
1326 1338 1342 1354
642 643 1465 1466
1397 1398 1633 1634
2067 2074 931 938
2852 2882 240 270
2107 2151 2003 2047
2229 2270 2266 2307
2791 2796 126 131
1162 1167 304 309
1580 1588 1725 1733
1283 1284 984 985
2933 2964 179 210
2769 2798 1059 1088
2478 2481 1987 1990
1919 1947 2146 2174
1998 2057 2043 2102
2288 2329 2850 2891
2067 2109 707 749
1888 1932 2578 2622
64 66 114 116
454 458 985 989
1597 1636 727 766
1165 1206 2261 2302
2762 2793 1870 1901
791 838 1630 1677
1750 1767 1751 1768
1172 1196 1025 1049
1834 1853 1837 1856
1642 1669 2726 2753
1492 1545 195 248
952 985 1702 1735
1271 1273 2613 2615
1032 1072 2474 2514
1745 1794 437 486
2199 2254 1311 1366
1625 1647 1534 1556
2451 2461 559 569
230 270 2165 2205
1326 1360 2201 2235
763 808 1119 1164
1140 1147 819 826
2932 2985 1008 1061
1327 1352 1274 1299
2657 2712 1000 1055
1226 1265 637 676
1599 1610 999 1010
2721 2728 274 281
319 344 836 861
690 746 1949 2005
2785 2786 875 876
219 275 1696 1752
300 333 2692 2725
607 642 25 60
419 470 2684 2735
1102 1154 1193 1245
1421 1432 2884 2895
1443 1479 784 820
1766 1779 893 906
2485 2513 491 519
1403 1427 1090 1114
109 121 776 788
2941 2978 2050 2087
1193 1241 2746 2794
1624 1625 1274 1275
248 282 2478 2512
84 134 2412 2462
2579 2606 1178 1205
2779 2817 1441 1479
2355 2385 832 862
409 431 2012 2034
800 838 190 228
1357 1375 2496 2514
2080 2104 1268 1292
1164 1200 1617 1653
1562 1596 998 1032
1242 1266 559 583
2855 2858 618 621
1623 1675 2372 2424
460 469 683 692
1526 1542 102 118
2243 2264 1306 1327
1952 1990 1250 1288
1347 1362 1082 1097
104 153 998 1047
969 975 2300 2306
102 107 1417 1422
2864 2914 2319 2369
2335 2389 1033 1087
2788 2799 2717 2728
1 26 2056 2081
176 189 485 498
1831 1872 2613 2654
25 66 2690 2731
2713 2759 935 981
1684 1743 1891 1950
449 463 1224 1238
122 166 371 415
1522 1557 2525 2560
1364 1401 1352 1389
1897 1923 1444 1470
253 264 2947 2958
1654 1654 1388 1388
352 408 887 943
2684 2722 105 143
1652 1680 944 972
109 128 1664 1683
1565 1614 772 821
2841 2897 1900 1956
2239 2296 1197 1254
500 520 2749 2769
510 566 1016 1072
1654 1668 400 414
418 474 218 274
1393 1427 1450 1484
127 183 1653 1709
2022 2076 761 815
1114 1153 1252 1291
171 189 525 543
1617 1650 2550 2583
356 362 1481 1487
2429 2446 1168 1185
2415 2448 1068 1101
1604 1606 584 586
1312 1330 2859 2877
2102 2151 1591 1640
1050 1084 1654 1688
2692 2707 767 782
2760 2793 795 828
2303 2362 956 1015
2235 2275 1805 1845
2733 2789 2389 2445
2760 2787 1973 2000
617 670 29 82
2505 2513 1886 1894
2832 2887 1519 1574
2060 2110 70 120
416 430 1545 1559
9 24 62 77
437 472 377 412
663 701 1849 1887
1473 1523 289 339
2115 2122 1900 1907
1087 1110 1982 2005
1714 1715 2299 2300
2609 2624 266 281
344 368 298 322
836 838 1041 1043
2872 2877 378 383
879 909 116 146
61 115 371 425
2566 2623 92 149
2111 2116 1445 1450
2587 2592 2749 2754
2451 2492 769 810
1593 1606 641 654
1001 1038 2309 2346
1225 1248 2639 2662
1365 1398 2860 2893
953 962 2619 2628
2452 2481 1365 1394
853 860 809 816
2764 2791 1119 1146
541 572 1088 1119
914 924 1605 1615
1062 1085 2233 2256
1732 1791 881 940
2194 2209 2862 2877
2258 2302 2274 2318
2828 2853 265 290
2947 2987 1312 1352
2704 2720 1582 1598
954 959 1136 1141
1990 2005 394 409
1343 1374 2723 2754
1661 1692 1046 1077
97 141 2056 2100
604 652 2798 2846
2355 2402 2691 2738
1731 1775 1673 1717
2779 2808 2374 2403
1707 1722 621 636
1659 1661 2839 2841
1086 1105 2659 2678
802 818 1744 1760
1177 1208 1574 1605
1943 1978 452 487
1832 1850 1099 1117
692 740 2737 2785
1280 1283 487 490
1077 1134 2836 2893
1216 1218 878 880
1561 1563 2539 2541
1112 1138 168 194
1094 1129 1163 1198
2764 2767 2538 2541
1028 1054 1536 1562
1700 1754 1782 1836
1404 1449 2385 2430
970 991 139 160
671 718 1033 1080
775 823 2092 2140
1407 1459 2187 2239
828 873 2827 2872
1775 1788 2256 2269
2279 2284 1530 1535
2930 2986 1082 1138
2408 2449 755 796
1851 1860 825 834
465 479 2388 2402
2015 2049 1601 1635
155 176 970 991
1768 1770 142 144
2775 2787 2343 2355
692 713 1822 1843
450 471 2720 2741
925 951 154 180
799 852 1823 1876
2075 2084 1811 1820
709 738 889 918
622 661 769 808
2464 2476 178 190
266 323 1776 1833
628 660 2339 2371
1216 1216 638 638
2647 2658 958 969
2403 2460 938 995
2279 2297 2707 2725
1504 1537 1703 1736
446 460 1878 1892
2233 2288 537 592
1927 1954 2054 2081
361 361 2956 2956
2008 2025 688 705
668 688 346 366
651 675 2627 2651
1082 1094 1062 1074
368 421 1397 1450
1435 1453 2211 2229
1317 1319 2180 2182
918 953 1284 1319
1634 1682 2115 2163
220 263 1142 1185
1314 1350 1564 1600
1015 1065 655 705
449 489 1911 1951
2401 2453 1991 2043
377 429 2374 2426
44 52 1814 1822
134 174 1817 1857
1077 1088 1933 1944
300 344 923 967
2176 2191 2618 2633
1202 1204 695 697
2447 2472 2332 2357
927 977 989 1039
2552 2596 2331 2375
2291 2325 702 736
1217 1269 1379 1431
2825 2873 203 251
328 342 1801 1815
2860 2864 849 853
2297 2346 1703 1752
2894 2944 1300 1350
2868 2871 1261 1264
2045 2067 1947 1969
171 185 1753 1767
2348 2398 2287 2337
2583 2619 1186 1222
185 194 1106 1115
1180 1211 2574 2605
198 201 1029 1032
2699 2738 485 524
1745 1804 708 767
1555 1565 130 140
953 1002 1631 1680
2424 2480 433 489
865 868 1622 1625
2946 2988 1022 1064
793 822 1033 1062
2380 2427 100 147
2307 2357 2556 2606
2017 2026 864 873
254 285 304 335
1145 1165 1566 1586
2541 2567 1017 1043
2425 2467 1422 1464
2431 2443 526 538
1530 1573 438 481
172 188 2086 2102
1312 1349 2237 2274
670 680 1629 1639
1799 1799 1531 1531
266 281 1876 1891
1703 1753 1387 1437
183 232 2203 2252
1884 1904 378 398
693 717 2856 2880
2770 2791 1274 1295
1471 1501 2273 2303
113 171 841 899
2783 2825 565 607
1987 2016 899 928
1717 1773 2933 2989
1914 1940 1323 1349
2623 2671 880 928
1161 1206 296 341
2924 2958 2004 2038
2210 2230 1537 1557
2903 2918 587 602
2937 2996 1661 1720
1628 1664 191 227
1513 1561 2731 2779
669 672 1 4
541 551 1672 1682
1960 1969 2728 2737
1137 1180 2094 2137
2621 2644 327 350
2513 2566 2505 2558
2870 2877 1031 1038
1285 1307 1873 1895
1108 1122 2201 2215
2646 2660 493 507
680 712 2730 2762
894 913 861 880
473 477 605 609
1160 1172 2110 2122
1556 1610 2153 2207
2153 2206 1640 1693
689 725 1011 1047
2685 2710 830 855
1689 1715 33 59
92 126 605 639
1719 1731 885 897
2893 2947 1725 1779
1922 1975 357 410
1545 1564 2126 2145
1635 1656 1935 1956
337 383 886 932
2571 2626 687 742
988 1011 459 482
1894 1922 2739 2767
2309 2337 25 53
504 561 1463 1520
1393 1450 1066 1123
1781 1821 1366 1406
214 225 691 702
2952 3000 618 666
1505 1552 217 264
1144 1166 1449 1471
1810 1865 1561 1616
782 798 138 154
2414 2458 1504 1548
1675 1707 2160 2192
1330 1336 721 727
1795 1824 1067 1096
2339 2378 1853 1892
792 831 1881 1920
1344 1364 733 753
445 492 1613 1660
2058 2073 1330 1345
2659 2682 417 440
1351 1376 245 270
2143 2198 1798 1853
2675 2722 2544 2591
1008 1045 1943 1980
1135 1189 2780 2834
1265 1303 2925 2963
2830 2857 4 31
1802 1846 57 101
2632 2681 2247 2296
2660 2716 1402 1458
456 463 192 199
759 799 202 242
329 339 2522 2532
594 644 697 747
2100 2124 1641 1665
288 317 1993 2022
1819 1874 1984 2039
496 510 1033 1047
1836 1880 2943 2987
841 863 797 819
980 1003 662 685
1818 1858 148 188
2503 2548 2042 2087
725 783 1682 1740
2578 2636 1591 1649
1535 1568 1455 1488
67 108 776 817
1021 1027 1924 1930
2392 2401 1248 1257
1949 1950 2498 2499
1440 1463 178 201
1775 1795 1970 1990
1142 1157 2943 2958
150 182 1588 1620
2561 2584 234 257
793 812 2119 2138
2858 2896 1831 1869
2085 2113 921 949
1690 1712 33 55
1342 1374 1102 1134
432 450 1165 1183
2144 2155 2062 2073
2166 2182 1382 1398
1498 1508 1941 1951
1231 1286 2876 2931
1519 1533 1737 1751
1245 1280 2566 2601
989 1005 2348 2364
1623 1636 906 919
1347 1347 1472 1472
735 747 2235 2247
1736 1746 2817 2827
1492 1529 878 915
506 511 155 160
1870 1927 3 60
807 850 595 638
2627 2675 2729 2777
309 345 1209 1245
476 516 2312 2352
1307 1323 1742 1758
2777 2802 2726 2751
2766 2777 729 740
2745 2754 583 592
299 332 2885 2918
1370 1390 15 35
1527 1539 2905 2917
1729 1739 2317 2327
851 908 247 304
1193 1208 2586 2601
2418 2419 2172 2173
1004 1059 933 988
1546 1599 2154 2207
1502 1548 1142 1188
390 415 1520 1545
2758 2794 20 56
2115 2121 152 158
382 441 1283 1342
1232 1268 1860 1896
1640 1680 46 86
1969 2004 98 133
872 888 476 492
2285 2294 2447 2456
187 203 2416 2432
2782 2824 1430 1472
322 352 88 118
2863 2907 1228 1272
2559 2605 2709 2755
964 1011 460 507
492 531 53 92
1187 1201 2861 2875
795 816 1166 1187
79 94 2696 2711
2753 2808 290 345
1128 1173 2553 2598
1675 1707 2091 2123
2737 2757 1819 1839
2608 2662 1190 1244
167 200 1504 1537
2398 2406 656 664
2073 2112 2233 2272
19 42 1482 1505
2159 2183 2320 2344
2341 2364 2629 2652
274 279 1158 1163
1141 1199 2133 2191
2927 2966 2088 2127
1479 1513 1326 1360
2342 2367 1754 1779
570 584 2554 2568
1394 1416 2783 2805
1631 1661 1939 1969
555 565 1913 1923
614 640 258 284
2214 2219 545 550
1094 1145 244 295
1820 1832 1204 1216
1923 1926 227 230
132 159 1644 1671
643 687 937 981
1871 1902 1010 1041
2957 2986 1833 1862
2821 2850 732 761
2541 2589 807 855
627 646 1956 1975
1267 1272 2084 2089
1699 1756 2340 2397
1554 1604 559 609
1759 1776 175 192
1449 1491 1976 2018
1258 1304 824 870
1866 1907 956 997
1513 1534 1663 1684
452 508 140 196
2678 2692 2892 2906
1595 1649 1540 1594
2058 2081 1925 1948
2849 2865 1513 1529
2229 2274 2069 2114
501 544 606 649
2644 2687 921 964
427 427 1706 1706
501 520 2576 2595
2962 2995 294 327
596 628 300 332
1467 1470 682 685
1254 1313 836 895
1854 1878 2955 2979
2198 2244 187 233
1553 1599 1848 1894
1138 1183 407 452
2182 2212 1516 1546
2011 2069 2384 2442
129 132 2750 2753
1125 1129 931 935
1685 1702 2372 2389
1642 1664 1859 1881
876 892 1892 1908
1227 1272 2351 2396
61 95 2874 2908
281 292 1934 1945
654 710 840 896
994 1023 313 342
9 46 1030 1067
2814 2845 398 429
16 35 1729 1748
1446 1454 515 523
1475 1530 1686 1741
1605 1627 105 127
831 842 2151 2162
2048 2089 2708 2749
132 186 2432 2486
2867 2906 1056 1095
2364 2381 396 413
2729 2778 562 611
682 728 121 167
2141 2166 784 809
443 454 2167 2178
668 694 2595 2621
1112 1126 1632 1646
2033 2046 808 821
2428 2472 1555 1599
2619 2653 149 183
863 887 655 679
1435 1475 968 1008
2754 2794 2674 2714
1240 1259 1847 1866
1060 1106 285 331
1571 1585 1363 1377
2544 2564 1590 1610
2698 2721 1576 1599
1220 1246 1419 1445
1954 1995 95 136
1418 1432 1601 1615
1216 1222 2930 2936
1766 1799 1331 1364
162 206 634 678
2036 2085 2401 2450
1666 1708 349 391
1592 1605 700 713
2387 2398 647 658
2624 2643 266 285
1391 1436 171 216
1846 1891 1260 1305
672 677 2968 2973
1041 1092 571 622
438 495 1971 2028
2140 2170 1471 1501
2703 2719 1013 1029
2819 2874 2194 2249
800 848 37 85
2213 2224 2369 2380
2018 2036 2488 2506
2672 2706 2482 2516
1084 1105 886 907
13 34 318 339
2823 2824 2979 2980
2963 2992 2468 2497
140 171 1304 1335
2165 2198 293 326
2331 2366 2906 2941
282 290 1050 1058
319 361 820 862
769 813 2393 2437
178 196 1795 1813
2300 2311 1657 1668
337 384 524 571
328 383 138 193
1964 1966 2891 2893
2729 2784 814 869
103 112 1438 1447
738 765 1301 1328
124 135 1431 1442
2225 2245 1184 1204
2257 2298 493 534
815 823 2607 2615
1948 1979 1793 1824
1941 1999 2565 2623
2828 2875 2126 2173
2375 2399 1461 1485
1657 1683 18 44
2908 2942 1453 1487
2179 2181 130 132
2173 2178 2743 2748
1207 1211 513 517
2728 2744 1405 1421
205 234 686 715
1082 1094 140 152
745 785 1556 1596
1734 1779 122 167
596 638 546 588
1651 1663 1037 1049
1602 1626 1356 1380
2902 2907 2440 2445
1900 1944 30 74
1568 1606 1591 1629
2784 2841 60 117
244 302 1169 1227
73 75 2282 2284
2801 2851 2585 2635
2249 2250 2923 2924
1903 1956 1282 1335
341 373 550 582
1614 1641 1426 1453
524 582 407 465
849 861 2424 2436
1230 1251 1337 1358
1731 1747 576 592
2693 2744 15 66
428 486 2486 2544
2465 2517 2364 2416
1225 1276 1965 2016
1756 1783 529 556
2180 2183 1629 1632
179 188 2046 2055
2541 2561 2917 2937
814 837 1094 1117
1679 1711 461 493
2232 2255 532 555
15 70 874 929
2682 2731 1712 1761
1723 1776 1609 1662
1835 1877 868 910
2734 2739 1047 1052
1040 1056 2243 2259
2669 2688 1323 1342
2689 2692 2042 2045
1430 1468 403 441
729 775 697 743
1668 1685 1626 1643
1915 1941 2449 2475
467 474 205 212
1902 1951 1542 1591
34 40 2237 2243
1006 1063 1950 2007
1752 1763 2424 2435
422 476 1776 1830
2722 2766 2852 2896
627 627 2201 2201
1032 1047 1082 1097
1717 1773 2737 2793
144 186 2356 2398
2332 2390 2860 2918
53 62 2205 2214
162 174 2902 2914
836 847 964 975
1745 1746 285 286
830 874 2287 2331
2392 2392 2724 2724
1066 1112 1564 1610
1510 1541 1590 1621
2826 2876 1985 2035
319 358 1326 1365
207 208 2297 2298
922 928 1040 1046
1531 1536 514 519
475 487 1755 1767
2516 2573 494 551
317 327 2436 2446
1321 1336 2167 2182
1766 1799 1931 1964
157 176 2726 2745
2368 2375 747 754
2631 2645 895 909
1391 1450 1330 1389
904 911 2893 2900
353 382 1300 1329
618 668 38 88
2199 2220 2477 2498
146 174 249 277
237 250 1285 1298
1351 1382 1283 1314
1953 1987 1728 1762
1489 1507 1554 1572
1208 1234 2397 2423
2621 2672 2816 2867
2219 2260 290 331
593 593 1248 1248
1494 1541 2298 2345
2599 2654 2054 2109
2133 2157 1761 1785
704 707 494 497
1621 1633 2872 2884
2235 2245 2264 2274
199 213 481 495
2019 2056 1877 1914
2934 2966 1665 1697
742 767 2776 2801
2541 2553 955 967
203 256 2808 2861
2158 2180 1754 1776
72 115 324 367
1913 1945 1715 1747
2944 2984 1694 1734
33 91 1074 1132
993 1049 748 804
2011 2042 1356 1387
34 87 1800 1853
2479 2479 278 278
2643 2648 1195 1200
2143 2165 1266 1288
1385 1408 652 675
2862 2890 62 90
53 67 2276 2290
411 440 1358 1387
2700 2733 2865 2898
2687 2737 93 143
1717 1738 1166 1187
720 756 2867 2903
1549 1582 1963 1996
1560 1583 2973 2996
148 201 1106 1159
2686 2717 1089 1120
166 220 2390 2444
38 85 2428 2475
2831 2864 2123 2156
259 277 831 849
2571 2607 847 883
1801 1836 340 375
315 370 2689 2744
2727 2747 4 24
879 935 689 745
1034 1092 1149 1207
792 810 1228 1246
415 443 2226 2254
2633 2686 341 394
2633 2688 2524 2579
1893 1921 1656 1684
534 538 868 872
919 944 878 903
1754 1788 2146 2180
2924 2934 67 77
2101 2147 1857 1903
2112 2124 1399 1411
2919 2935 975 991
1103 1134 2127 2158
2466 2479 1678 1691
477 482 1938 1943
842 887 1561 1606
1662 1663 646 647
96 142 1054 1100
918 960 521 563
667 699 1582 1614
983 991 2646 2654
517 522 2058 2063
1210 1266 2629 2685
2338 2389 1005 1056
103 131 2452 2480
1826 1883 1651 1708
1280 1295 2237 2252
349 384 2645 2680
1828 1874 2424 2470
1780 1839 2849 2908
1395 1398 2921 2924
2295 2345 2507 2557
801 849 549 597
2472 2497 626 651
1876 1932 2371 2427
298 331 458 491
2414 2448 2152 2186
608 625 2867 2884
1573 1623 100 150
1277 1281 849 853
1378 1429 1749 1800
2662 2684 1740 1762
669 705 1796 1832
2426 2480 637 691
2271 2297 159 185
858 889 1927 1958
1304 1351 1999 2046
53 85 2187 2219
59 98 2066 2105
630 656 2524 2550
1557 1616 1367 1426
665 720 1 56
1180 1224 2244 2288
2171 2210 1022 1061
1411 1426 393 408
1288 1316 2926 2954
56 95 2102 2141
2269 2299 758 788
857 874 794 811
472 517 884 929
764 771 833 840
2512 2556 1082 1126
1308 1336 2207 2235
1829 1877 2485 2533
2244 2257 2098 2111
2676 2696 2542 2562
1913 1935 2771 2793
2722 2723 932 933
1752 1754 710 712
1149 1153 2894 2898
2061 2079 129 147
2753 2797 2289 2333
1542 1576 663 697
106 130 500 524
435 438 463 466
2401 2458 498 555
708 760 2718 2770
58 99 2410 2451
2952 2968 1392 1408
1960 1966 2948 2954
2572 2608 1804 1840
1444 1471 1470 1497
1093 1108 2341 2356
967 997 745 775
2992 2993 2423 2424
805 815 1947 1957
243 282 2458 2497
2093 2095 1665 1667
2014 2064 2777 2827
215 245 2886 2916
2839 2896 1382 1439
1076 1116 186 226
2274 2319 1588 1633
2712 2730 311 329
2497 2531 2528 2562
414 433 2221 2240
62 79 200 217
171 179 2623 2631
987 1039 1089 1141
427 441 1099 1113
1510 1564 2290 2344
294 332 2545 2583
1504 1507 2658 2661
1398 1433 2359 2394
2820 2863 2736 2779
2698 2725 2719 2746
766 785 1575 1594
1806 1831 2172 2197
262 280 2417 2435
25 81 838 894
872 904 1879 1911
840 867 1834 1861
962 973 1971 1982
2496 2530 1870 1904
1266 1320 874 928
806 836 2706 2736
564 586 2852 2874
2534 2592 553 611
413 433 2945 2965
2033 2065 1507 1539
1569 1595 604 630
2278 2308 900 930
1903 1937 1572 1606
86 120 402 436
2926 2926 2606 2606
1844 1849 2094 2099
2492 2499 1819 1826
910 966 1464 1520
1814 1852 1413 1451
757 810 610 663
1850 1851 32 33
1973 2015 274 316
561 562 1179 1180
2100 2114 2729 2743
1465 1510 2585 2630
2191 2209 982 1000
1315 1330 252 267
1288 1306 930 948
2525 2543 2848 2866
1809 1839 610 640
2600 2640 366 406
1940 1968 1081 1109
579 636 681 738
2043 2056 2472 2485
9 41 289 321
2399 2419 549 569
2226 2256 2447 2477
2367 2373 1055 1061
2438 2473 900 935
1817 1831 2435 2449
719 763 1374 1418
394 408 242 256
754 767 497 510
1798 1804 2926 2932
1487 1510 2090 2113
1175 1225 738 788
2040 2051 1391 1402
1905 1930 610 635
293 319 2782 2808
1214 1266 849 901
814 868 88 142
1127 1133 993 999
1319 1362 1253 1296
2819 2867 627 675
1391 1415 2941 2965
337 345 2836 2844
2929 2956 739 766
2993 2999 861 867
1445 1473 1377 1405
596 602 1622 1628
1030 1067 277 314
831 889 2102 2160
1435 1483 2247 2295
2525 2548 1046 1069
144 172 1455 1483
102 140 1167 1205
1711 1717 764 770
1290 1306 2373 2389
2307 2365 389 447
2832 2837 439 444
569 590 1437 1458
724 779 1069 1124
238 261 2023 2046
1126 1146 1478 1498
1713 1724 1754 1765
372 399 519 546
2976 2976 777 777
2047 2057 2974 2984
1951 1997 2797 2843
2711 2751 341 381
2594 2612 2137 2155
2143 2196 1011 1064
2548 2606 40 98
29 66 2324 2361
254 302 2283 2331
113 128 2634 2649
1550 1562 34 46
2065 2103 1166 1204
1588 1647 1634 1693
1721 1770 947 996
711 753 2494 2536
569 587 2735 2753
374 412 2683 2721
2984 2996 204 216
691 722 796 827
1506 1523 2062 2079
2570 2621 1611 1662
549 577 2900 2928
660 673 1424 1437
1582 1640 2207 2265
1809 1822 2722 2735
524 527 1928 1931
1751 1808 1966 2023
1218 1268 1934 1984
2757 2772 2216 2231
2606 2641 531 566
1530 1542 2641 2653
1911 1965 48 102
1273 1319 73 119
515 565 2400 2450
2192 2220 2636 2664
470 486 365 381
307 334 902 929
670 689 2255 2274
25 38 2540 2553
2303 2320 1081 1098
1809 1837 1926 1954
1329 1375 1741 1787
890 908 1013 1031
2871 2923 2931 2983
1373 1408 2484 2519
2035 2056 2186 2207
1440 1462 630 652
1924 1971 2524 2571
497 509 770 782
1145 1196 1257 1308
725 758 1559 1592
704 713 2756 2765
2280 2313 2869 2902
2845 2869 2344 2368
1099 1121 1106 1128
1871 1884 2454 2467
1942 1983 295 336
1982 1992 949 959
472 505 1217 1250
910 924 1009 1023
472 481 2955 2964
2609 2609 1034 1034
2721 2740 874 893
1345 1399 2200 2254
1998 2057 2436 2495
1797 1853 2944 3000
2862 2888 2406 2432
526 584 207 265
2479 2510 2935 2966
1164 1222 2147 2205
2101 2124 1488 1511
2082 2091 647 656
2871 2914 1879 1922
2692 2737 2140 2185
1135 1170 2599 2634
2336 2360 15 39
2556 2566 1404 1414
1114 1169 614 669
696 697 1943 1944
1521 1522 1770 1771
639 656 2785 2802
1157 1164 2481 2488
2435 2461 2297 2323
2663 2713 2787 2837
112 158 2342 2388
1087 1130 297 340
1000 1052 882 934
1224 1243 28 47
1773 1824 2939 2990
2506 2528 109 131
138 183 126 171
43 80 1176 1213
1771 1798 1406 1433
313 341 1658 1686
1067 1105 1345 1383
1267 1272 2922 2927
1566 1580 2947 2961
2836 2895 2239 2298
971 995 983 1007
504 512 2307 2315
374 378 2100 2104
236 263 915 942
2574 2599 97 122
773 806 1414 1447
1084 1105 1966 1987
2781 2812 2804 2835
2568 2569 111 112
950 1002 1074 1126
1210 1244 134 168
1860 1879 2555 2574
2160 2160 1009 1009
286 328 2057 2099
2746 2767 1294 1315
876 928 337 389
2733 2733 1211 1211
1507 1510 1435 1438
1625 1672 2588 2635
1672 1681 712 721
865 880 787 802
2625 2626 283 284
2890 2920 276 306
1291 1317 1558 1584
2798 2836 692 730
2350 2397 2050 2097
1236 1270 1286 1320
1689 1740 2595 2646
645 646 960 961
2357 2385 1912 1940
410 436 985 1011
2017 2039 2411 2433
2009 2062 2470 2523
307 312 2976 2981
1898 1912 1566 1580
697 738 2654 2695
134 193 129 188
1004 1043 2342 2381
555 595 2103 2143
1780 1834 255 309
2939 2942 1115 1118
2244 2271 2966 2993
751 753 248 250
1587 1607 2372 2392
2959 2996 543 580
332 376 1112 1156
1603 1655 2632 2684
2916 2953 407 444
1775 1820 1979 2024
556 557 2696 2697
1041 1098 522 579
2127 2179 1268 1320
788 833 1997 2042
1195 1199 193 197
2517 2569 2163 2215
2280 2287 1800 1807
507 538 1543 1574
2753 2763 1122 1132
1628 1635 1944 1951
1164 1165 2506 2507
273 278 2553 2558
2740 2759 1114 1133
860 871 1554 1565
2301 2339 2032 2070
2417 2428 2989 3000
940 988 216 264
2360 2372 2118 2130
1112 1166 845 899
354 391 49 86
1322 1372 2241 2291
792 843 711 762
2675 2732 1890 1947
2656 2657 784 785
255 257 1363 1365
1232 1232 1371 1371
1141 1194 2903 2956
2377 2436 1455 1514
1633 1678 2228 2273
1569 1592 290 313
2937 2943 1197 1203
1282 1302 623 643
2637 2691 902 956
332 360 1670 1698
2901 2942 1356 1397
790 793 1960 1963
2351 2364 40 53
2685 2707 750 772
2854 2858 2296 2300
2738 2780 1791 1833
1614 1630 787 803
2656 2667 2283 2294
48 100 465 517
2570 2586 2146 2162
16 57 2889 2930
1094 1125 437 468
1532 1544 671 683
2504 2544 2820 2860
1127 1159 1752 1784
2404 2428 2313 2337
1688 1744 2325 2381
1108 1132 1521 1545
306 335 2094 2123
561 586 2289 2314
518 521 1448 1451
1644 1687 1955 1998
627 630 1747 1750
2725 2743 1071 1089
1416 1453 2883 2920
1352 1407 1693 1748
1891 1930 1119 1158
2864 2892 2483 2511
2480 2539 1372 1431
2928 2982 1744 1798
688 737 1869 1918
1457 1475 1278 1296
2120 2149 2372 2401
1556 1608 124 176
2323 2376 2796 2849
76 102 2227 2253
2518 2535 2944 2961
2673 2724 2896 2947
1969 2007 1582 1620
2675 2699 1512 1536
2767 2787 489 509
891 901 2693 2703
446 475 894 923
670 715 2671 2716
545 585 1569 1609
864 920 637 693
2854 2913 2615 2674
945 974 174 203
1233 1236 2356 2359
472 472 1 1
2422 2467 1322 1367
1404 1449 327 372
2492 2550 2476 2534
1894 1923 1124 1153
590 601 265 276
1071 1093 360 382
1290 1337 942 989
555 571 2036 2052
942 947 1701 1706
2636 2663 1469 1496
382 400 1568 1586
1172 1175 84 87
1400 1431 499 530
405 422 42 59
1671 1719 2773 2821
2361 2417 2791 2847
2562 2583 1102 1123
272 289 291 308
1069 1109 894 934
1500 1540 1547 1587
306 326 2737 2757
1508 1532 494 518
1223 1242 1612 1631
1365 1401 90 126
2442 2485 2768 2811
1735 1789 420 474
2304 2360 1374 1430
2821 2879 1500 1558
1092 1144 1663 1715
824 830 2710 2716
1003 1056 943 996
700 700 2793 2793
1979 1990 2114 2125
1949 1968 1179 1198
1756 1772 1575 1591
338 393 2730 2785
1409 1468 795 854
1539 1547 2535 2543
250 281 2358 2389
2314 2329 363 378
174 210 2146 2182
2956 2968 27 39
1464 1518 2893 2947
2291 2328 1933 1970
346 385 1661 1700
2819 2835 2228 2244
2632 2668 994 1030
2525 2562 2069 2106
1744 1772 2061 2089
393 413 1427 1447
2807 2842 1847 1882
2520 2568 1776 1824
2711 2764 1949 2002
1825 1868 1926 1969
1280 1334 1999 2053
2155 2207 388 440
2036 2073 307 344
1662 1685 2072 2095
248 274 2823 2849
775 829 632 686
71 82 693 704
244 300 52 108
1516 1566 621 671
828 847 1327 1346
2328 2371 1298 1341
1260 1272 2747 2759
1958 1968 2230 2240
637 684 1174 1221
154 188 580 614
2628 2646 115 133
1074 1119 1600 1645
1679 1734 1792 1847
626 669 767 810
2480 2515 1259 1294
1931 1990 1948 2007
2933 2959 2676 2702
2361 2397 1705 1741
1485 1493 1596 1604
2290 2308 520 538
549 602 528 581
2406 2425 985 1004
2365 2414 2896 2945
1488 1537 985 1034
1145 1156 958 969
2158 2168 548 558
1222 1266 593 637
1535 1578 1101 1144
445 475 72 102
901 908 2126 2133
1501 1530 419 448
1686 1706 2933 2953
1630 1642 2380 2392
1976 1987 33 44
2353 2395 1193 1235
2826 2869 2544 2587
1777 1791 138 152
847 873 534 560
2476 2481 515 520
1959 1971 1366 1378
2548 2577 830 859
1636 1682 1673 1719
1548 1549 2050 2051
648 665 18 35
2835 2874 2478 2517
911 947 2763 2799
2259 2262 469 472
1539 1566 2501 2528
1452 1462 2574 2584
2795 2797 1262 1264
2645 2690 1296 1341
2935 2987 722 774
1346 1385 633 672
126 168 5 47
2705 2757 2543 2595
2006 2065 924 983
2900 2948 646 694
835 840 337 342
464 517 210 263
2637 2637 1634 1634
1553 1556 1594 1597
1190 1235 1626 1671
1839 1898 892 951
487 526 1688 1727
2514 2545 80 111
1288 1304 546 562
2911 2925 912 926
160 201 2269 2310
862 913 1049 1100
206 213 890 897
603 637 1000 1034
623 657 2750 2784
1561 1587 1486 1512
745 781 1877 1913
445 463 627 645
2564 2565 2435 2436
321 358 1219 1256
1751 1753 178 180
47 88 170 211
1328 1353 1769 1794
1995 2051 411 467
413 454 823 864
306 335 668 697
199 249 2644 2694
326 385 2432 2491
1806 1848 697 739
1967 1982 2137 2152
1132 1134 2778 2780
1469 1507 2310 2348
2651 2652 268 269
2141 2180 1538 1577
835 868 844 877
1989 2040 2525 2576
2862 2910 1624 1672
2581 2634 574 627
1779 1827 1092 1140
1532 1591 2191 2250
2060 2078 2391 2409
153 205 2862 2914
392 401 1564 1573
2516 2534 2486 2504
803 846 2919 2962
447 489 2011 2053
439 463 1081 1105
1918 1922 1375 1379
2901 2929 1837 1865
2880 2926 2875 2921
1045 1091 1542 1588
2272 2328 1336 1392
1876 1894 951 969
752 783 472 503
1989 2005 607 623
1348 1373 1246 1271
2737 2764 1563 1590
1074 1079 1162 1167
2157 2163 2288 2294
9 37 257 285
2440 2491 1950 2001
1243 1296 2854 2907
1387 1418 181 212
2357 2415 63 121
1434 1473 804 843
2021 2077 2081 2137
1719 1762 2896 2939
2402 2409 320 327
1732 1757 2661 2686
1829 1852 2824 2847
1821 1843 321 343
991 1038 1886 1933
2263 2309 603 649
259 268 1961 1970
788 841 962 1015
82 102 1189 1209
1329 1388 1255 1314
717 775 673 731
953 987 2744 2778
1250 1255 913 918
2508 2534 466 492
52 73 1987 2008
235 249 2312 2326
777 792 2561 2576
1101 1114 1938 1951
1117 1117 1786 1786
867 884 1629 1646
1704 1723 2455 2474
1853 1899 2039 2085
1980 1981 1048 1049
1339 1347 2245 2253
1314 1346 1587 1619
1477 1485 1968 1976
467 468 2315 2316
946 958 563 575
616 650 1889 1923
2835 2850 559 574
1358 1367 33 42
2345 2347 1746 1748
2582 2616 287 321
2275 2282 1100 1107
1656 1683 2636 2663
2934 2946 789 801
515 515 405 405
726 755 534 563
1667 1718 1180 1231
1306 1345 1187 1226
407 424 1562 1579
1343 1380 721 758
2405 2437 2403 2435
2248 2266 450 468
2754 2809 2361 2416
1281 1305 2731 2755
1564 1582 2294 2312
694 700 662 668
1818 1863 1870 1915
53 111 112 170
2257 2297 1366 1406
338 347 1003 1012
626 677 2281 2332
1509 1521 1468 1480
1628 1662 108 142
977 1005 2868 2896
1673 1708 1902 1937
2162 2216 2543 2597
1715 1744 1178 1207
301 338 2811 2848
2304 2329 1257 1282
412 447 1780 1815
480 499 2341 2360
2197 2199 46 48
2037 2044 823 830
1258 1287 915 944
180 197 2797 2814
1626 1677 366 417
690 691 1641 1642
2281 2300 2652 2671
1521 1540 1232 1251
2432 2436 1275 1279
2855 2870 2761 2776
2392 2415 2318 2341
2419 2451 868 900
2753 2760 752 759
1301 1325 1531 1555
1281 1311 1192 1222
248 291 2538 2581
1126 1166 615 655
1784 1829 1851 1896
105 125 2003 2023
225 237 1535 1547
1202 1241 1497 1536
1186 1238 1127 1179
195 236 693 734
2928 2944 2556 2572
2410 2450 1977 2017
990 1034 2540 2584
2563 2593 219 249
646 702 2576 2632
1510 1569 800 859
491 529 265 303
674 691 320 337
2955 2978 347 370
401 415 1248 1262
135 163 1902 1930
2124 2167 2190 2233
2462 2511 590 639
74 111 220 257
2799 2800 2859 2860
1657 1700 872 915
381 400 336 355
2755 2789 852 886
2740 2791 1143 1194
2192 2251 1924 1983
810 850 1254 1294
2931 2966 2432 2467
1600 1626 1519 1545
479 520 1831 1872
2472 2489 2207 2224
878 898 1071 1091
2427 2437 2149 2159
1542 1560 832 850
2239 2257 1173 1191
2361 2417 1113 1169
2770 2802 1502 1534
1494 1523 2298 2327
1294 1325 785 816
1734 1772 2122 2160
2525 2552 1015 1042
74 90 1963 1979
1704 1730 2257 2283
1619 1662 512 555
1182 1238 2691 2747
2623 2674 507 558
793 800 2918 2925
2275 2325 525 575
1041 1083 1904 1946
1250 1295 1077 1122
579 582 2207 2210
2116 2143 472 499
797 801 39 43
2524 2560 2010 2046
1455 1499 305 349
2138 2157 2328 2347
2554 2594 1524 1564
443 450 370 377
84 137 732 785
2863 2915 657 709
1900 1918 1946 1964
982 1000 1445 1463
93 145 981 1033
928 971 1184 1227
2565 2608 335 378
1231 1231 1957 1957
682 711 746 775
2497 2498 219 220
1592 1610 340 358
2684 2715 2579 2610
121 126 445 450
2520 2562 846 888
792 802 591 601
742 790 1683 1731
1270 1321 1071 1122
1969 2003 1218 1252
1600 1644 1081 1125
1530 1581 2686 2737
1759 1761 2914 2916
2891 2944 1879 1932
1146 1173 2069 2096
103 156 1236 1289
861 899 147 185
1414 1432 1715 1733
233 254 1785 1806
964 977 1416 1429
968 1013 2276 2321
1743 1796 2210 2263
1425 1462 2908 2945
1050 1067 2663 2680
321 367 2369 2415
2200 2212 971 983
1270 1328 1390 1448
499 558 1148 1207
366 380 203 217
564 608 869 913
2975 2985 1079 1089
378 402 593 617
1623 1666 1231 1274
1940 1999 2595 2654
1381 1389 327 335
1327 1329 1658 1660
925 958 2242 2275
779 804 349 374
1203 1203 166 166
1909 1923 2145 2159
351 392 1837 1878
349 370 2293 2314
2712 2747 2699 2734
178 204 2487 2513
2063 2116 1789 1842
529 578 1385 1434
1944 1945 2377 2378
882 921 1778 1817
458 496 1930 1968
310 328 1483 1501
1244 1296 2190 2242
222 225 1613 1616
2441 2484 1034 1077
840 870 1217 1247
655 704 1014 1063
2271 2317 2506 2552
2716 2763 1379 1426
865 889 734 758
1803 1821 1514 1532
2031 2054 2819 2842
1886 1891 652 657
1251 1299 579 627
1202 1235 854 887
2046 2073 1768 1795
1441 1459 1184 1202
1532 1591 1506 1565
1507 1551 1617 1661
661 676 1223 1238
947 990 1103 1146
2854 2854 506 506
1043 1063 2198 2218
1929 1934 882 887
1026 1081 2468 2523
131 179 2082 2130
1566 1616 218 268
1829 1856 1301 1328
1625 1644 1178 1197
576 626 2847 2897
1399 1413 642 656
968 1017 977 1026
7 20 993 1006
2948 2959 928 939
957 975 1089 1107
1687 1714 1843 1870
2478 2530 1472 1524
1519 1541 2720 2742
1412 1458 2905 2951
2419 2437 2814 2832
644 676 1121 1153
1515 1547 1685 1717
2795 2810 1650 1665
606 616 2489 2499
333 375 2057 2099
999 1025 1209 1235
994 1051 1468 1525
687 687 2643 2643
2054 2064 2000 2010
1139 1157 1924 1942
786 810 1732 1756
2270 2317 428 475
1581 1592 579 590
1605 1616 2215 2226
797 850 2276 2329
453 464 628 639
1442 1481 2879 2918
862 893 2890 2921
366 399 1118 1151
2310 2343 1841 1874
2734 2783 2295 2344
894 901 215 222
2532 2537 2403 2408
2243 2286 1888 1931
2741 2770 1840 1869
106 154 1728 1776
738 742 2589 2593
1441 1476 657 692
2616 2645 209 238
1526 1565 1144 1183
115 120 2843 2848
2167 2222 2844 2899
2785 2811 1206 1232
1904 1942 1021 1059
2884 2917 1133 1166
2483 2531 2544 2592
2429 2469 1779 1819
924 975 1415 1466
1221 1256 1546 1581
1408 1426 161 179
2740 2742 1873 1875
1123 1157 243 277
2783 2816 512 545
624 668 2697 2741
1316 1329 2753 2766
2465 2468 40 43
2497 2513 2584 2600
2810 2845 1386 1421
505 553 1572 1620
1999 2046 611 658
1909 1925 369 385
752 784 1855 1887
456 493 2261 2298
1393 1412 2679 2698
2852 2899 604 651
278 309 2333 2364
2349 2393 2735 2779
1783 1836 1811 1864
1817 1823 29 35
2005 2064 864 923
2097 2137 526 566
795 819 2282 2306
968 990 1779 1801
782 787 1292 1297
2992 2997 2821 2826
483 531 477 525
1938 1957 482 501
1064 1066 2104 2106
2552 2583 2454 2485
1804 1837 1103 1136
833 881 295 343
688 739 2408 2459
184 193 50 59
2597 2651 432 486
1957 1974 837 854
574 620 74 120
2367 2417 1818 1868
1750 1796 2125 2171
2830 2844 1095 1109
243 251 1688 1696
2140 2169 2576 2605
2096 2121 1576 1601
2267 2273 155 161
838 852 1105 1119
727 782 1251 1306
833 853 2726 2746
712 720 219 227
2309 2341 1761 1793
1447 1466 114 133
57 116 1280 1339
332 357 236 261
2784 2818 851 885
1964 2022 650 708
1948 1958 234 244
767 788 1870 1891
667 720 1118 1171
2757 2790 2287 2320
2944 2960 2878 2894
1325 1363 397 435
2328 2358 390 420
651 685 360 394
550 562 2092 2104
1305 1349 1146 1190
1363 1413 2939 2989
1373 1422 1115 1164
661 706 1475 1520
1401 1436 2520 2555
2482 2538 1354 1410
1287 1297 2289 2299
2634 2671 2372 2409
302 308 81 87
831 849 2156 2174
1126 1162 2645 2681
1721 1727 2926 2932
374 414 39 79
70 87 977 994
464 515 1463 1514
2050 2055 453 458
1985 2012 2117 2144
1035 1047 404 416
1232 1232 2515 2515
1271 1297 2589 2615
497 535 2673 2711
2620 2620 1721 1721
145 182 352 389
869 869 1098 1098
565 618 54 107
400 443 2919 2962
2699 2723 619 643
859 909 71 121
2937 2958 979 1000
1633 1663 2821 2851
2695 2726 2740 2771
1338 1370 2792 2824
2503 2555 2424 2476
1405 1458 1331 1384
263 294 162 193
2729 2762 2129 2162
838 849 153 164
2126 2128 2474 2476
879 885 300 306
1495 1543 2614 2662
2453 2483 2602 2632
152 204 2043 2095
2803 2828 1324 1349
2643 2688 2100 2145
428 480 1840 1892
865 880 555 570
1448 1482 1502 1536
237 270 2633 2666
1389 1415 1294 1320
1746 1795 9 58
85 127 1195 1237
1857 1893 2855 2891
803 850 2664 2711
2352 2379 19 46
901 910 1501 1510
686 720 305 339
328 364 780 816
1783 1804 2381 2402
1291 1332 1467 1508
1806 1863 2794 2851
1849 1895 13 59
212 226 492 506
2654 2690 873 909
2109 2109 1020 1020
1379 1424 2612 2657
2703 2712 2549 2558
946 1005 2474 2533
2184 2203 704 723
1499 1534 1555 1590
2468 2477 921 930
531 576 1719 1764
1321 1372 692 743
1465 1487 2541 2563
1765 1766 1878 1879
408 433 484 509
623 623 2232 2232
37 65 2302 2330
378 431 733 786
2390 2411 1302 1323
1325 1350 489 514
1809 1862 2018 2071
1599 1631 2506 2538
413 435 2615 2637
857 862 1013 1018
205 236 417 448
1263 1293 1679 1709
1731 1790 2733 2792
702 709 23 30
300 310 1115 1125
748 771 1617 1640
1467 1481 676 690
1693 1716 2906 2929
399 457 1194 1252
2481 2524 47 90
612 663 1967 2018
31 57 133 159
2812 2836 2645 2669
900 919 1585 1604
700 734 967 1001
2644 2692 967 1015
1943 1976 1216 1249
965 985 2026 2046
816 826 1082 1092
1179 1201 2361 2383
1250 1305 2301 2356
2266 2302 2916 2952
1023 1041 1134 1152
1007 1065 1894 1952
2708 2764 2649 2705
2363 2372 107 116
1307 1365 1185 1243
2342 2351 2446 2455
642 659 1826 1843
1512 1523 745 756
74 121 2494 2541
1843 1897 797 851
2354 2384 100 130
1880 1903 2798 2821
2958 2997 1325 1364
2137 2158 1334 1355
1378 1429 760 811
1814 1851 1775 1812
213 215 532 534
1813 1851 2899 2937
2914 2942 1732 1760
1365 1398 1129 1162
369 385 2958 2974
1150 1202 1829 1881
2317 2323 1744 1750
719 736 2829 2846
695 724 194 223
1062 1119 1202 1259
1417 1460 1846 1889
2471 2518 653 700
2469 2495 1796 1822
1663 1700 933 970
1009 1038 1831 1860
2480 2493 2498 2511
2020 2022 2998 3000
34 49 906 921
1007 1013 1379 1385
2410 2459 872 921
2056 2104 2525 2573
1273 1274 1049 1050
2914 2926 2312 2324
2824 2868 2750 2794
303 357 348 402
1225 1267 1388 1430
2338 2359 665 686
1209 1241 243 275
1757 1790 90 123
2584 2629 992 1037
1865 1872 2471 2478
1479 1491 84 96
2619 2666 2280 2327
2854 2913 1962 2021
1225 1227 1444 1446
2517 2573 143 199
980 1034 1992 2046
1457 1490 462 495
622 635 875 888
2271 2292 1772 1793
521 556 2756 2791
721 767 2234 2280
2224 2276 1783 1835
736 752 1131 1147
34 67 1954 1987
673 687 1924 1938
1465 1468 1350 1353
2436 2441 1017 1022
2451 2479 2864 2892
76 125 2711 2760
1480 1526 598 644
695 712 2690 2707
332 356 931 955
677 709 2430 2462
2399 2404 1634 1639
202 252 2831 2881
1020 1075 1183 1238
2425 2467 2660 2702
1391 1436 2581 2626
1667 1681 1265 1279
1855 1889 76 110
129 168 2504 2543
2389 2395 2528 2534
96 102 1604 1610
2067 2115 2803 2851
76 97 209 230
2251 2257 1542 1548
1958 1967 268 277
385 421 568 604
1610 1662 2798 2850
610 650 52 92
2118 2152 1114 1148
776 819 1411 1454
185 215 663 693
1936 1971 35 70
1273 1299 1700 1726
483 499 920 936
2332 2391 91 150
228 246 2337 2355
2853 2912 773 832
641 641 2423 2423
945 987 671 713
819 841 2508 2530
300 341 2410 2451
2722 2745 1602 1625
2212 2240 969 997
2782 2792 690 700
2395 2428 1395 1428
2354 2372 2724 2742
2076 2093 2223 2240
1038 1062 2696 2720
2473 2498 1720 1745
231 236 1256 1261
1708 1720 2162 2174
2737 2770 2841 2874
1170 1222 286 338
2905 2937 2681 2713
2909 2922 2695 2708
1896 1942 1726 1772
164 167 1450 1453
2202 2204 2705 2707
1983 2037 2852 2906
1581 1588 2670 2677
764 817 2858 2911
949 989 623 663
477 512 2021 2056
456 489 991 1024
2431 2488 2725 2782
1084 1113 2477 2506
977 1018 193 234
1786 1788 1913 1915
532 582 1070 1120
865 868 2776 2779
1574 1611 351 388
1122 1123 683 684
1254 1297 514 557
1526 1550 1842 1866
1476 1518 2091 2133
995 1053 2100 2158
2522 2547 2052 2077
2133 2174 288 329
2093 2106 2797 2810
1732 1772 546 586
755 788 2329 2362
1828 1843 632 647
2257 2312 2579 2634
2401 2433 2896 2928
2020 2046 193 219
2760 2796 1002 1038
2797 2818 613 634
2495 2505 807 817
1704 1713 2339 2348
470 520 768 818
314 336 529 551
372 427 2365 2420
908 964 1377 1433
1791 1801 594 604
244 283 1053 1092
1800 1844 737 781
2730 2747 2856 2873
81 135 978 1032
2530 2535 419 424
1107 1141 1570 1604
1245 1255 2551 2561
2934 2946 174 186
2623 2655 647 679
1045 1102 1066 1123
2628 2671 2417 2460
2521 2574 2122 2175
1873 1892 799 818
2016 2049 38 71
1769 1818 246 295
1277 1294 436 453
535 561 2810 2836
2417 2473 2710 2766
2902 2920 515 533
1108 1146 2220 2258
246 302 2652 2708
2807 2822 620 635
388 407 1657 1676
2020 2056 120 156
2426 2453 1294 1321
703 721 1881 1899
955 996 48 89
144 200 1530 1586
1518 1559 1091 1132
228 254 1542 1568
2713 2741 176 204
2809 2815 64 70
2442 2495 406 459
2316 2345 2516 2545
1693 1750 1738 1795
2849 2908 1628 1687
339 372 2647 2680
2426 2446 2836 2856
2280 2329 2891 2940
1679 1737 588 646
322 329 960 967
2915 2965 380 430
2757 2759 151 153
1842 1871 2795 2824
511 541 1814 1844
442 488 2125 2171
380 417 2173 2210
1549 1605 351 407
2159 2208 1189 1238
1020 1073 463 516
949 1001 1891 1943
2404 2461 1951 2008
2204 2225 2377 2398
1595 1638 73 116
1431 1456 1795 1820
1336 1343 2488 2495
2324 2336 1507 1519
79 118 451 490
1308 1353 2286 2331
394 449 2036 2091
1146 1188 1666 1708
89 117 2736 2764
2319 2368 1150 1199
582 636 1972 2026
2322 2360 1144 1182
1021 1052 868 899
2161 2197 356 392
387 432 1090 1135
296 343 2471 2518
2886 2914 744 772
2491 2498 1737 1744
2034 2045 1844 1855
146 185 239 278
2830 2844 185 199
271 313 204 246
2670 2718 2302 2350
250 299 2525 2574
276 290 2983 2997
2020 2062 1134 1176
655 708 2719 2772
2460 2490 506 536
1228 1235 1043 1050
1874 1902 754 782
871 893 1082 1104
1970 2026 1730 1786
830 850 1491 1511
172 225 2941 2994
2889 2914 1635 1660
267 326 426 485
460 512 1115 1167
300 326 1880 1906
276 296 1824 1844
2664 2687 480 503
1138 1175 2305 2342
1312 1346 2702 2736
1903 1945 1702 1744
2767 2771 1665 1669
2694 2733 1678 1717
315 370 2530 2585
1824 1865 2147 2188
1107 1113 1217 1223
1125 1134 2452 2461
1902 1942 2359 2399
2712 2743 1189 1220
966 1013 1062 1109
240 271 1342 1373
1687 1710 2707 2730
109 159 1308 1358
1832 1855 431 454
2032 2033 824 825
368 424 1934 1990
256 298 2159 2201
2587 2630 1292 1335
1330 1382 2192 2244
1640 1657 2830 2847
2848 2887 2066 2105
2382 2417 1857 1892
1110 1126 1051 1067
995 1041 2893 2939
2772 2795 715 738
616 673 1833 1890
936 937 2323 2324
959 965 666 672
1578 1617 1579 1618
789 828 1890 1929
1425 1449 2181 2205
1313 1348 1312 1347
1510 1516 906 912
1186 1187 468 469
90 103 102 115
2982 2998 1088 1104
2153 2191 12 50
991 1032 688 729
1758 1812 747 801
1612 1624 1058 1070
2469 2491 2357 2379
2118 2146 1260 1288
2851 2871 1187 1207
947 954 768 775
1266 1320 727 781
1164 1165 815 816
2787 2829 1277 1319
1061 1077 1149 1165
1373 1373 2846 2846
2041 2054 1353 1366
1090 1091 2478 2479
2909 2935 292 318
1676 1684 76 84
689 700 1907 1918
642 667 367 392
1007 1030 1393 1416
1263 1280 535 552
1285 1312 1450 1477
1630 1644 559 573
954 1007 2345 2398
1166 1222 2300 2356
2624 2645 1193 1214
266 312 145 191
2481 2518 1818 1855
2234 2240 1705 1711
1555 1579 2161 2185
1072 1081 2271 2280
1250 1293 1543 1586
1466 1468 904 906
2587 2619 1710 1742
3 47 1280 1324
2258 2275 2568 2585
2053 2084 227 258
138 152 494 508
559 597 1159 1197
688 697 2848 2857
1358 1411 2415 2468
884 903 377 396
249 286 1619 1656
1364 1392 2175 2203
2657 2693 1366 1402
1016 1024 574 582
893 929 1278 1314
60 117 765 822
2627 2661 835 869
366 370 1301 1305
843 847 1506 1510
2134 2156 1119 1141
1852 1856 1587 1591
1110 1158 2701 2749
878 905 575 602
858 869 34 45
1434 1476 2876 2918
1841 1859 424 442
2565 2565 1752 1752
93 147 2415 2469
1016 1070 540 594
1039 1071 540 572
659 671 2959 2971
2680 2699 2324 2343
839 872 1333 1366
557 575 2280 2298
2592 2636 1817 1861
2234 2269 2690 2725
416 419 237 240
2334 2359 1615 1640
284 327 728 771
2535 2592 468 525
2856 2902 2602 2648
2409 2463 1203 1257
2290 2342 1154 1206
2485 2520 1785 1820
948 966 2299 2317
2404 2429 1053 1078
1061 1084 401 424
404 442 1786 1824
1991 2013 2882 2904
2383 2410 1330 1357
999 1004 2993 2998
1639 1647 2638 2646
2242 2279 1935 1972
359 407 2233 2281
597 622 370 395
2277 2308 2002 2033
523 569 2731 2777
1930 1942 680 692
789 822 216 249
31 61 202 232
675 714 2961 3000
139 176 532 569
2325 2325 2248 2248
1670 1729 791 850
1190 1191 902 903
2454 2511 1373 1430
147 190 1426 1469
1663 1713 475 525
1634 1651 661 678
1440 1465 2315 2340
370 390 1110 1130
2451 2507 695 751
2268 2287 1318 1337
2445 2456 2788 2799
1163 1211 2114 2162
2716 2772 1928 1984
2302 2344 2552 2594
1995 2001 579 585
789 821 2957 2989
2891 2928 848 885
835 873 713 751
2609 2648 566 605
203 224 551 572
2945 2949 892 896
2879 2912 7 40
240 269 1535 1564
338 355 1856 1873
233 279 356 402
2858 2886 209 237
682 733 814 865
1976 1993 437 454
519 560 2233 2274
481 517 1620 1656
2217 2268 1360 1411
2173 2188 1087 1102
972 1014 1540 1582
2120 2122 188 190
703 745 955 997
1632 1654 2870 2892
2072 2122 1909 1959
1874 1917 1132 1175
540 595 1306 1361
1968 2000 2626 2658
860 880 58 78
1244 1290 10 56
2947 2998 1458 1509
438 460 133 155
2670 2701 351 382
872 876 981 985
2751 2802 118 169
1106 1127 1932 1953
434 471 1275 1312
2533 2541 1533 1541
5 27 2061 2083
478 497 502 521
1319 1346 629 656
577 592 331 346
1056 1069 1832 1845
165 208 1074 1117
2630 2646 675 691
1694 1723 2309 2338
1767 1779 1669 1681
1630 1661 2533 2564
1895 1944 1217 1266
1845 1904 761 820
1210 1242 207 239
697 753 2246 2302
2863 2887 2689 2713
2558 2597 471 510
1675 1720 12 57
2107 2164 2392 2449
1462 1482 812 832
1881 1887 1844 1850
2868 2906 1620 1658
1301 1357 1517 1573
2947 2994 1299 1346
2137 2165 709 737
2044 2060 989 1005
276 284 1886 1894
2249 2298 2044 2093
2213 2215 2899 2901
264 292 2115 2143
1423 1432 1336 1345
2852 2861 2883 2892
267 301 1527 1561
1359 1403 2712 2756
1382 1402 289 309
961 999 2954 2992
2822 2875 1709 1762
2178 2192 124 138
1174 1198 2796 2820
180 228 2626 2674
1608 1621 902 915
32 60 2309 2337
363 378 2533 2548
1422 1456 1320 1354
2269 2299 1680 1710
1287 1335 2937 2985
1666 1675 1503 1512
2667 2706 2105 2144
2434 2435 1030 1031
1118 1122 2698 2702
572 600 164 192
1820 1857 1623 1660
2119 2171 2259 2311
431 444 148 161
1776 1823 2726 2773
1667 1697 1708 1738
983 995 411 423
1296 1348 1973 2025
1524 1527 1480 1483
2120 2120 1049 1049
767 801 1881 1915
786 817 30 61
1022 1071 1843 1892
425 440 1598 1613
1673 1720 2300 2347
150 155 661 666
466 474 793 801
455 489 2551 2585
2228 2259 2965 2996
1749 1797 2666 2714
2075 2099 2390 2414
836 861 2369 2394
1550 1603 923 976
1616 1661 382 427
727 746 2962 2981
1175 1230 2184 2239
2571 2617 263 309
73 117 2687 2731
1264 1306 505 547
550 550 2302 2302
2889 2943 1637 1691
2581 2593 586 598
1323 1324 372 373
2524 2579 4 59
1834 1875 1960 2001
2015 2062 2316 2363
952 978 1752 1778
353 361 131 139
2733 2749 2639 2655
1875 1906 848 879
1923 1963 2500 2540
1553 1570 693 710
1616 1651 82 117
48 48 779 779
615 647 300 332
2535 2535 423 423
