2000 2000
22 17 7 11 14 27 27 22 9 25 5 30 10 14 30 28 28 1 20 8 9 15 16 10 23 15 10 24 14 29 13 14 12 1 7 26 28 22 6 22 23 9 23 22 23 3 13 12 11 28 23 21 19 3 27 15 6 22 9 9 28 1 22 28 17 23 23 27 21 8 21 5 8 3 9 23 20 7 30 11 20 25 21 3 10 11 10 21 27 25 11 27 1 13 5 4 25 14 3 6 16 22 16 25 3 22 23 29 1 8 11 24 11 15 22 13 29 7 28 23 28 6 13 2 29 25 20 16 29 23 17 15 3 12 15 1 17 23 6 26 16 21 22 20 4 4 27 15 3 1 17 12 15 2 24 28 1 4 22 11 28 12 11 3 23 15 12 16 12 23 8 29 12 19 9 7 6 27 2 10 4 19 3 11 14 24 3 29 6 12 27 28 12 16 16 3 21 18 6 26 8 15 6 2 8 28 20 27 11 11 20 25 14 7 15 11 25 8 3 5 5 17 4 8 7 9 28 20 10 14 21 18 8 3 15 9 11 11 12 23 22 27 28 12 14 16 10 16 22 20 13 21 22 8 29 25 22 22 19 23 13 10 5 3 27 4 2 6 25 10 27 17 16 30 6 7 25 19 25 21 8 16 11 21 9 25 9 8 4 7 19 27 6 14 9 4 18 12 26 11 22 9 23 27 20 15 12 1 11 16 25 25 17 15 7 25 6 24 6 30 5 25 23 18 26 18 26 24 20 18 6 7 26 17 8 4 27 27 5 2 25 4 4 13 29 16 6 1 8 3 7 17 14 8 7 13 25 20 20 1 1 5 29 5 19 18 22 19 7 8 16 17 16 4 4 11 2 8 16 10 17 17 10 1 1 22 7 5 29 4 7 27 16 10 23 29 2 14 10 27 2 6 7 26 17 27 25 20 27 3 3 6 17 2 24 21 6 26 3 15 18 6 5 12 19 23 30 28 20 21 25 28 15 7 10 23 2 6 17 11 2 6 28 13 22 19 18 17 6 8 13 3 13 22 30 18 18 24 11 6 28 1 17 29 25 17 12 1 22 21 13 16 18 29 14 15 14 13 26 24 12 30 10 27 9 19 23 4 10 8 3 4 10 24 13 29 8 26 24 6 27 28 9 30 25 13 4 14 7 11 4 23 4 23 17 8 21 1 13 1 1 1 5 25 7 13 4 13 24 29 29 4 8 9 14 25 16 21 11 6 5 7 18 18 22 4 30 6 9 30 4 11 9 4 3 7 2 30 6 28 30 24 27 16 10 12 11 3 28 25 6 8 18 6 15 11 28 22 9 30 30 11 15 8 28 21 11 25 8 27 27 3 24 4 30 2 14 4 15 28 24 16 5 19 12 15 6 8 7 2 1 5 25 20 5 21 3 18 7 21 5 25 12 3 6 29 5 24 1 11 14 30 17 25 27 16 9 25 21 7 16 24 27 9 19 1 10 6 28 9 3 9 28 26 25 25 30 2 3 29 27 10 9 18 22 3 24 2 19 15 5 21 22 14 2 25 5 4 16 11 10 3 25 9 17 6 27 1 22 18 19 11 20 23 15 28 6 17 19 1 25 24 23 25 4 3 19 28 19 25 15 14 9 20 2 3 6 5 24 30 28 22 22 11 5 4 16 26 6 22 24 4 15 5 17 7 4 24 18 23 2 25 2 12 12 12 20 18 24 22 22 10 26 8 11 24 10 27 17 19 22 30 24 12 12 12 19 27 7 14 9 19 1 10 9 28 1 17 15 6 20 13 18 7 5 12 6 8 11 5 10 16 2 23 5 12 10 27 20 26 15 2 17 12 12 18 12 2 23 30 19 2 27 14 10 6 27 17 2 23 12 3 1 13 2 8 19 8 27 14 25 18 21 30 6 21 24 6 18 20 12 25 25 10 29 1 22 26 12 22 24 15 26 23 2 1 16 25 17 18 6 14 4 21 6 21 11 29 12 15 22 27 14 5 20 4 19 13 14 15 6 11 8 18 10 30 19 8 26 4 18 4 14 13 3 28 19 26 17 25 12 14 11 26 20 20 25 26 17 2 5 20 23 16 11 26 1 19 22 13 23 4 19 27 6 1 8 19 8 9 22 4 5 1 20 24 6 7 2 14 4 12 3 8 9 7 12 14 14 1 12 19 2 11 24 24 27 3 20 7 26 4 23 9 8 20 8 1 25 14 3 19 19 24 22 14 25 21 14 12 29 8 22 17 9 14 18 19 21 29 1 10 25 18 23 13 23 30 2 11 24 26 6 3 28 6 19 24 2 15 3 5 27 4 12 27 20 13 20 6 27 29 16 8 30 27 14 12 11 15 7 25 12 25 19 23 7 21 3 23 29 19 20 25 13 23 11 6 16 16 4 8 11 30 28 21 7 5 9 6 23 2 18 24 18 1 28 29 9 4 5 24 27 27 3 17 25 12 26 16 1 12 23 22 15 28 10 1 27 3 17 21 10 21 2 9 4 6 16 6 25 20 17 23 9 26 17 16 9 22 22 28 16 16 2 30 17 1 11 24 26 13 14 28 20 3 29 17 12 6 1 11 9 16 30 18 14 24 1 16 28 24 21 23 25 22 27 19 11 28 13 11 20 3 26 1 15 29 11 16 20 12 14 9 9 14 21 3 13 2 22 3 26 12 18 11 20 23 11 7 24 28 5 3 26 26 12 23 4 15 2 10 18 13 8 25 20 27 22 7 22 29 12 26 10 4 30 30 23 7 2 15 10 13 11 13 6 29 3 17 6 3 26 6 27 30 14 4 16 3 14 25 6 10 10 28 4 8 11 3 30 14 14 7 16 22 6 4 7 19 3 28 13 3 8 16 6 5 3 25 26 7 18 10 24 10 5 11 13 4 9 12 2 9 23 16 20 22 10 14 29 18 16 7 9 17 16 7 8 18 28 24 11 27 11 26 2 14 29 14 9 7 10 15 12 28 9 11 7 2 19 28 23 7 14 20 20 20 9 19 8 2 14 8 3 28 21 4 14 11 1 17 19 23 13 12 27 20 23 21 1 11 14 27 10 26 16 13 10 29 8 6 11 2 7 2 16 29 15 8 11 30 4 29 27 9 27 30 14 18 7 4 15 19 22 15 10 18 28 20 17 20 28 7 14 8 26 20 27 9 29 29 16 15 16 16 8 21 26 27 30 10 27 21 1 30 17 10 17 21 14 23 25 16 20 26 14 26 23 21 15 28 14 12 23 8 10 12 5 15 17 23 20 6 23 13 11 27 6 28 18 21 5 3 26 10 28 8 2 4 14 30 12 13 2 27 18 23 9 21 6 27 27 9 9 5 16 3 17 29 11 25 12 1 25 29 21 29 28 5 4 2 3 19 16 29 7 9 25 7 10 5 10 5 16 15 13 29 17 13 25 12 21 24 21 9 6 15 8 15 18 25 2 24 25 30 17 26 20 20 1 10 13 15 1 18 12 10 9 13 26 6 18 26 28 8 11 6 24 3 22 17 5 28 27 7 6 22 12 15 25 5 9 17 28 12 4 29 20 15 8 9 23 23 5 25 17 26 5 27 28 30 18 1 25 21 26 18 25 2 4 1 4 22 19 17 6 2 14 4 5 3 27 2 12 26 29 17 27 22 25 16 9 1 24 24 7 19 20 5 6 13 10 22 26 5 2 11 15 5 24 26 2 20 5 24 10 15 11 22 23 13 11 6 12 17 5 11 18 20 15 19 21 7 15 24 26 3 24 5 28 28 30 6 26 29 8 4 28 23 13 15 28 2 18 19 24 9 6 4 11 28 24 20 13 29 16 12 6 23 12 16 10 17 11 11 20 1 27 14 25 27 28 1 23 22 22 26 20 17 27 7 5 16 20 17 2 6 12 28 20 8 29 15 13 23 14 12 28 23 18 30 10 16 9 7 14 1 29 2 18 8 15 25 14 16 8 15 12 25 18 19 18 30 2 11 22 5 30 10 27 12 5 27 13 22 17 25 9 12 10 23 20 15 5 12 10 9 14 15 26 23 15 26 17 24 24 4 22 25 15 29 30 9 29 21 3 10 30 26 23 22 7 21 27 23 26 9 24 24 28 13 24 25 18 20 1 13 27 23 8 15 26 8 10 5 9 7 28 24 27 28 20 17 10 2 22 6 17 1 21 18 3 27 22 8 18 1 28 12 30 4 30 26 5 6 19 10 18 17 27 25 13 6 23 11 8 21 6 1 13 27 15 24 26 9 13 9 8 11 26 16 21 22 27 7 6 5 10 29 12 10 23 29 10 20 11 6 29 28 22 5 14 20 28 9 5 26 6 19 27 20 18 18 20 7 17 11 19 3 16 27 5 12 9 25 9 12 15 5 13 19 29 22 8 1 4 23 26 20 16 30 22 21 30 3 23 11 29 6 23 16 4 30 13 21 18 11 9 10 7 27 21 29 25 4 23 22 13 1 27 4 26 18 29 10 25 16 27 11 15 9 17 10 11 18 23 3 26 5 27 21 17 10 19 5 13 24 8 6 8 16 5 17 16 11 1 1 15 24
65 1701
1020 1096
1624 1784
1809 1928
1469 1551
799 1845
1153 1969
176 1304
596 787
939 1364
1566 1688
1222 1782
659 1011
1614 1641
1141 1295
1814 1861
313 1525
1374 1599
36 424
961 1521
1430 1997
53 1727
1784 1913
1331 1692
1586 1957
414 926
1617 1739
1302 1450
35 1987
489 912
1225 1832
445 1235
1231 1633
88 1862
1623 1778
1953 1977
1977 1994
1555 1871
1517 1653
970 1688
1495 1854
1277 1555
84 942
7 185
1849 1988
926 1767
1081 1336
626 1019
867 1764
1222 1606
1781 1813
914 1219
12 1382
477 1557
1424 1522
1275 1914
1361 1379
489 1678
457 1199
328 1765
1686 1998
1308 1825
1456 1660
506 1826
1922 1985
1849 1951
1404 1437
1218 1698
1128 1457
249 1474
1194 1901
834 1105
497 1537
1012 1296
751 1477
1855 1886
625 860
188 537
498 1780
754 796
972 1423
137 677
775 1721
499 1807
629 1718
1625 1740
1981 1990
899 1378
1118 1599
832 1584
1808 1911
181 1552
686 1525
525 1940
1095 1830
1438 1655
596 927
1097 1868
1569 1825
1139 1960
1104 1686
617 644
1044 1355
928 950
1889 2000
1126 1230
1165 1536
1380 1533
1475 1558
702 1848
1731 1912
773 923
1896 1900
1875 1971
1248 1948
416 771
1269 1463
1443 1610
766 1653
461 856
1210 1443
462 1855
586 1229
204 1287
44 482
707 927
1730 1873
851 1670
1894 1943
1519 1739
240 1006
149 688
1808 1867
981 1402
1398 1539
426 1716
1621 1757
570 1985
795 1517
1056 1306
955 1127
1807 1928
1408 1746
1132 1544
1705 1858
1752 1933
1321 1986
1608 1980
302 1323
816 1031
406 1302
32 1839
1008 1187
1858 1944
1184 1963
1612 1626
1039 1139
1005 1678
791 1365
57 1926
1570 1906
1352 1814
629 1073
1104 1954
1523 1775
1139 1324
1229 1617
1803 1873
1436 1991
654 822
1185 1871
1664 1802
1324 1559
344 775
1642 1980
476 1786
570 1396
1074 1290
1291 1516
952 1321
1130 1731
1982 1994
1166 1375
98 1891
243 1335
728 1841
84 1989
830 1500
1115 1718
1706 1944
1795 1890
454 1398
75 1825
1102 1904
144 1172
289 677
1258 1663
1841 1950
1546 1610
553 993
1433 1669
250 947
1485 1902
1206 1748
1418 1474
1260 1721
1968 1992
1374 1428
1752 1757
1821 1950
228 1526
582 1120
1223 1995
465 1107
1819 1932
320 1483
1636 1987
913 1536
903 1771
17 459
1486 1915
40 219
1964 1989
1061 1591
1455 1746
973 1295
1427 1684
1091 1564
979 1326
1954 1996
1489 1491
1546 1749
1765 1838
116 1386
630 955
1678 1879
276 283
1779 1993
1937 1953
1838 1862
1398 1761
749 980
1710 1866
1572 1889
872 1310
651 1605
169 198
711 916
589 1115
702 1654
1972 1991
1786 1941
670 843
1327 1811
100 497
1384 1496
427 1928
1237 1667
942 1921
127 252
165 259
1395 1968
910 1625
605 842
1789 1888
971 1185
615 1826
145 1109
1630 1712
1742 1813
1166 1994
576 731
812 1795
1675 1703
1471 1762
1151 1755
998 1147
1334 1797
1355 1902
38 1496
796 1308
671 821
1985 1990
1378 1576
344 1616
1953 1974
1304 1436
1729 1852
1914 1938
1830 1894
1350 1430
553 1926
1366 1573
1044 1781
866 1391
1839 1845
1003 1665
609 1267
1844 1943
1545 1693
586 1889
737 925
1738 1984
1439 1907
910 1493
1283 1797
1534 1916
1922 1952
299 1375
1359 1856
210 1970
520 736
1924 1941
1440 1886
1193 1758
1031 1997
1675 1905
249 366
865 1344
739 1899
1228 1711
75 1460
1870 1958
108 1186
1992 1995
1119 1559
344 623
757 1851
1373 1422
1871 1976
1373 1962
1663 1905
761 1072
1650 1924
1375 1668
1685 1909
76 796
1166 1525
1052 1355
1731 1989
1537 1757
1771 1817
1849 1963
207 1168
1036 1478
1136 1184
1593 1960
687 1725
624 1737
540 1556
1041 1903
91 1878
1591 1627
88 861
1769 1941
1342 1447
333 1841
152 1836
1236 1426
704 1591
1286 1843
483 1932
521 1865
109 977
573 1578
1344 1529
50 239
811 1791
1957 1972
920 1771
1511 1548
1880 1921
958 1869
174 862
284 1405
118 563
1788 1981
877 1190
372 1562
1776 1953
856 1246
1467 1916
726 1089
1438 1816
1179 1236
1743 1748
1597 1744
1138 1574
553 1678
292 656
1887 1919
6 396
1124 1230
1041 1810
834 1537
776 1355
653 665
285 1230
1692 1842
1452 1929
874 1325
834 1029
1858 1928
1225 1783
214 687
705 1708
230 1809
1926 1955
850 1174
1813 1871
235 788
1937 1966
1013 1911
1744 1748
1431 1994
1990 1994
17 676
1243 1919
1192 1795
308 1124
1647 1886
1049 1722
1914 1995
1870 1986
1626 1956
424 1333
1441 1654
273 989
647 1671
998 1902
855 1880
1670 1915
651 1513
1448 1742
1395 1647
577 1074
1263 1984
1394 1510
1175 1203
1885 1998
1272 1998
768 983
1386 1744
1002 1242
631 934
1019 1612
1644 1884
1786 1998
1726 1933
324 1862
368 403
681 771
1801 1828
649 1057
291 1322
552 776
1884 1970
695 1348
1591 1606
503 1702
69 1485
206 622
922 1864
578 1934
880 1680
856 983
95 506
1677 1928
305 683
805 830
837 1340
985 1755
595 1046
278 280
52 1781
441 759
1859 1889
1876 1931
1478 1706
233 1826
968 992
1697 1915
265 1980
1653 1891
1221 1459
1094 1159
330 346
203 1968
452 1907
554 953
221 1324
1783 1914
1097 1427
161 1045
1889 1979
1218 1854
1538 1848
1944 1956
1232 1328
101 737
304 1037
699 1664
1153 1459
501 903
914 1804
1123 1303
813 1040
546 1850
502 784
294 1312
1475 1778
1864 1907
736 879
181 1884
1966 1967
550 1785
1703 1910
50 1544
982 1326
1863 1863
1536 1978
461 1669
3 373
796 1389
1348 1553
1345 1528
1444 1834
1711 1866
391 579
924 1909
1683 1752
1568 1704
580 711
1118 1623
1962 1966
941 1922
1499 1922
575 1424
1351 1866
1924 1990
1960 1964
660 1083
117 1576
1528 1801
1372 1813
1048 1998
1965 1988
1771 1995
1899 1996
448 612
154 1024
1794 1823
1340 1383
1813 1857
614 1667
1256 1643
1637 1838
1758 1841
926 1572
398 1879
270 1954
1233 1341
399 1036
567 593
378 1685
1316 1551
1589 1860
576 1422
1640 1720
716 738
729 1930
1537 1913
1247 1871
1719 1824
1356 1821
189 788
1534 1919
1807 1905
1979 1992
1563 1916
735 1125
16 1544
1820 1973
1502 1707
1358 1855
1403 1427
217 1652
1640 1682
1344 1365
206 1079
1906 1941
366 1437
1247 1993
800 1340
1154 1351
363 943
348 586
1990 1994
446 1265
236 1422
745 917
249 1263
1060 1427
1254 1934
1046 1510
916 1163
1496 1894
1185 1229
1140 1780
951 1691
630 1771
1938 1967
1088 1596
1418 1491
351 1333
1511 1750
475 1180
1104 1733
1458 1988
448 864
1189 1597
813 1240
117 516
1929 1948
106 589
761 1134
201 1431
1931 1952
546 1066
1223 1612
1021 1125
52 928
178 762
569 661
1005 1185
1989 1997
1376 1628
589 1504
902 1005
431 1053
1454 1599
1638 1966
760 1209
1808 1918
1604 1793
34 1614
1293 1318
1216 1786
1354 1757
947 1165
1066 1558
1958 2000
1882 1971
184 592
1477 1612
1614 1676
1132 1813
1186 1419
1193 1845
800 983
1542 1666
1012 1550
116 1251
1313 1978
1203 1489
1763 1842
1626 1963
1967 1996
1006 1256
339 820
76 1141
1557 1579
1002 1604
1424 1926
1781 1915
1883 1938
185 667
1167 1637
635 966
726 1760
1578 1670
1551 1777
91 248
143 156
1033 1777
1752 1937
854 1083
1463 1626
1313 1562
1839 1891
1748 1906
929 1484
627 862
955 1571
134 1390
1432 1444
905 963
372 1999
1089 1287
1233 1668
1212 1363
1444 1947
1550 1593
1375 1683
1820 1884
1950 1993
1757 1830
1330 1677
1290 1552
1964 1993
1157 1455
734 955
25 1952
1210 1560
2000 2000
399 950
1911 1959
510 1518
223 820
1828 1956
393 663
1664 1708
1336 1716
799 1857
954 1803
1505 1834
1060 1599
856 1268
1727 1989
1728 1730
1621 1803
762 1645
772 1112
1770 1910
1073 1539
408 715
19 774
1907 1908
52 1390
1900 1953
773 1581
74 497
1508 1694
1023 1486
799 1360
1634 1946
1353 1453
75 694
1852 1880
472 1268
1706 1711
1585 1701
1514 1655
1773 1992
368 1247
507 945
1464 1665
1221 1353
828 1019
665 1733
412 1812
657 1612
969 1872
1198 1866
686 1641
1659 1776
1494 1908
1357 1798
616 1888
1316 1846
1435 1774
571 1193
1149 1665
765 869
427 1859
563 1118
1605 1810
1271 1374
1385 1885
1219 1596
841 1241
413 1409
587 668
1613 1908
1810 1840
425 1691
1154 1537
1155 1476
664 1026
328 1138
1530 1666
1109 1815
194 1527
1372 1889
1814 1917
166 1152
1915 1997
1218 1341
1562 1781
1768 1882
1529 1735
1969 1987
1667 1933
1059 1984
172 1728
1766 1894
1501 1937
685 1093
1708 1902
1185 1197
928 1878
1688 1871
1238 1410
927 1243
458 1981
1315 1761
97 172
685 1229
557 1196
1373 1694
1108 1170
247 1622
42 1510
929 1727
1904 1915
1930 1942
1206 1977
488 1653
116 1348
1132 1966
1308 1834
1263 1501
943 1747
182 1172
1486 1979
1264 1913
958 1551
784 2000
242 561
827 1427
1168 1792
975 1616
43 266
1848 1860
1435 1656
1588 1628
511 1349
1607 1863
34 689
1807 1896
1777 1931
1140 1370
1542 1997
603 1767
1051 1449
1679 1734
1793 1985
342 426
350 1801
394 614
1770 1868
227 1782
168 1933
541 1480
31 1365
1116 1461
998 1987
1223 1572
49 1261
942 1780
721 1846
1503 1909
1198 1312
42 739
1623 1793
448 1997
203 470
448 613
727 1943
1164 1222
286 1604
262 571
1968 1995
1688 1766
868 1136
1298 1685
1799 1999
719 1489
772 1172
1429 1531
1389 1817
1380 1820
1959 1976
870 990
779 1435
1573 1793
1103 1815
1048 1826
424 1595
1386 1619
1515 1879
1940 1957
1538 1735
1915 1918
196 1602
549 1421
1170 1979
966 1766
788 1716
633 1212
1039 1758
825 1319
972 1951
941 1058
1654 1791
1540 1672
1886 1998
340 1731
219 1789
15 1503
646 1517
1199 1829
532 1362
1692 1740
1770 1915
1727 1736
786 1563
1554 1693
1861 1920
1137 1465
578 1445
1275 1655
34 1615
1981 1985
287 563
1431 1754
1648 1894
1904 1941
141 1071
532 905
336 696
411 735
1847 1867
312 539
876 1511
292 460
1173 1426
1664 1974
674 1196
1600 1711
1320 1702
633 1404
672 914
1447 1583
606 719
1013 1123
886 1958
1105 1145
1702 1894
829 1806
248 913
56 769
1682 1998
533 1998
1223 1873
844 1392
1121 1937
779 1165
1163 1195
1717 1892
1396 1757
867 1271
692 808
1477 1538
517 538
776 1829
749 1214
431 1067
981 1450
37 1115
1665 1931
122 1789
1639 1687
63 1281
126 1772
664 882
1863 1940
990 1861
1936 2000
113 709
1322 1485
1726 1901
1793 1835
226 320
869 896
438 1077
616 960
1170 1595
764 779
26 1736
1324 1836
1674 1688
897 1520
766 1199
1318 1693
237 1193
429 606
1206 1653
1000 1870
1795 1976
1576 1877
433 1107
330 1847
121 1196
139 1913
302 1323
354 1462
260 1746
287 820
1306 1824
1836 1860
204 1858
1068 1285
1583 1994
40 1654
933 1638
941 1386
1488 1908
1708 1822
1341 1642
1584 1961
875 1055
262 964
1818 1956
1736 1964
1034 1915
99 445
1043 1978
792 1950
236 1557
1945 1981
949 1721
1719 1984
837 1557
1384 1917
338 738
180 626
1928 1935
477 1883
1953 1977
635 984
1454 1534
468 1138
1458 1727
1181 1858
1163 1633
1487 1952
1516 1516
1880 1995
607 817
482 1071
1011 1404
394 762
320 625
34 89
1461 1901
1236 1538
1051 1376
1204 1635
141 1889
335 465
558 1923
1779 1911
936 1312
322 1855
16 829
212 1029
1800 1855
1392 1846
1023 1926
936 1894
336 1844
133 1712
342 1295
617 1888
1486 1487
868 1700
675 1289
584 1130
1234 1601
137 941
1265 1918
644 1620
858 939
1733 1881
1471 1959
592 832
1371 1833
1889 1923
382 1660
838 853
1838 1998
1414 1610
1947 1961
1298 1801
1753 1956
960 1169
581 1150
234 1421
1335 1540
1282 1684
1610 1706
754 1628
1546 1681
1374 1549
761 853
993 1873
498 582
1553 1900
642 1362
277 308
374 1064
629 1329
1677 1682
1147 1211
1305 1635
1061 1996
1267 1732
565 1094
1743 1959
1827 1990
809 869
49 953
299 839
1695 1886
1982 1986
702 756
1937 1959
162 1308
690 1349
345 1945
1494 1827
1095 1882
1705 1732
1834 1888
781 1151
1789 1955
1196 1254
1558 1798
1946 1987
636 966
566 1905
1026 1493
767 1122
1165 1717
1492 1954
1868 1912
764 1014
720 1525
748 1318
1035 1457
262 1926
349 1924
1956 1994
1223 1730
271 1395
121 1126
1006 1267
906 1383
646 692
607 872
1190 1288
1017 1671
1388 1398
741 1320
1864 1959
958 1725
205 1187
528 1743
1943 1989
1670 1786
1957 1973
133 1008
1779 1950
1931 1993
1510 1725
1183 1472
399 1453
1840 1949
471 794
795 1507
407 1577
656 995
1412 1446
586 1293
1859 1924
1556 1883
1923 1929
1824 1869
106 503
1596 1763
1505 1556
921 1306
1868 1930
1771 1947
1122 1470
1560 1671
647 739
1070 1474
1015 1515
1412 1708
1958 1989
1574 1901
397 1042
1702 1769
1786 1800
1120 1276
1168 1880
293 836
882 1568
810 1037
49 789
599 1332
964 1287
1997 1998
47 81
212 698
444 1135
1165 1345
1209 1541
1874 1975
498 1159
708 717
461 1432
1156 1454
1975 1995
1532 1740
871 1457
1860 1921
198 453
316 372
1117 1586
1779 1867
1723 1914
1354 1519
352 692
1956 1995
203 830
1633 1937
1166 1897
1711 1772
1508 1837
1094 1762
1159 1683
1749 1920
1632 1788
1366 1559
1684 1758
1863 1929
1513 1808
732 886
1962 1983
798 1354
974 1263
1384 1989
407 1899
990 1930
1586 1985
82 1773
848 1119
1939 1946
471 1545
1587 1592
168 1695
440 912
1075 1259
735 1830
996 1701
303 921
1986 1999
1665 1901
1925 1987
1140 1486
829 1910
402 1354
1835 1935
53 1621
22 1697
945 1450
694 943
1097 1848
424 1557
1085 1823
289 803
397 509
1209 1790
439 1521
1105 1880
1247 1516
563 1978
239 1529
590 851
710 1242
657 1793
473 689
397 1737
893 1856
1362 1371
1663 1915
21 340
231 308
584 674
454 1048
291 1411
880 1171
1870 1962
1944 1965
1719 1994
1409 1612
422 830
1091 1495
1021 1598
701 1664
13 841
12 1025
1505 1602
1638 1815
999 1987
618 1384
533 1604
834 1662
964 1366
913 995
1079 1161
660 1045
200 322
203 1956
847 1558
50 730
1402 1560
60 1909
1652 1765
692 1475
1976 1998
1457 1736
375 1290
559 582
989 1684
990 1132
1653 1886
1500 1722
1002 1506
658 790
1559 1708
863 1505
891 1731
159 269
917 1872
1740 1772
629 1746
1189 1708
286 1356
1196 1418
301 746
294 1525
1829 1924
1443 1758
1016 1585
861 1293
1196 1919
721 1581
1183 1470
1211 1634
1277 1871
622 650
142 530
676 1304
127 731
1383 1803
772 1950
1612 1690
446 1493
246 1706
677 839
1847 1916
241 390
253 287
139 1124
704 1389
417 1265
371 1067
300 1424
1906 1999
1532 1540
1060 1315
991 1582
1267 1990
1671 1947
371 999
1895 1910
1171 1584
1955 1978
1616 1951
312 1608
1100 1974
765 1821
689 1308
1512 1784
435 1582
1131 1670
1505 1542
505 1077
1452 1802
1422 1528
1521 1800
648 1865
1983 1988
686 1984
1797 1913
26 1160
1395 1496
705 1185
1639 1673
410 428
1799 1901
1501 1629
1273 1911
455 946
1980 1987
1417 1913
228 1541
1615 1963
1968 1984
440 794
361 1587
450 1697
1490 1869
1897 1992
883 1950
380 1131
223 968
888 1942
1518 1533
608 1166
653 1747
1838 1871
1502 1552
1846 1864
1451 1660
123 925
1454 1547
1875 1922
1538 1612
204 1895
1706 1847
138 316
1146 1580
1089 1843
1137 1852
999 1644
757 1564
778 1477
1396 1675
1400 1965
866 1844
244 905
336 578
677 1531
414 1632
177 268
186 1568
1459 1963
1078 1962
1295 1726
86 1274
483 618
449 1501
45 108
102 1380
1129 1549
1803 1873
1542 1709
1182 1984
562 620
1788 1879
39 1938
1920 1924
1138 1652
14 836
1170 1901
378 575
676 1379
1528 1773
132 1620
1810 1856
1507 1529
303 580
1683 1913
1711 1911
866 1861
623 1395
1831 1964
1955 1982
270 1706
1281 1848
1060 1986
1558 1889
1833 1977
1731 1786
1280 1598
847 1568
1299 1912
839 1399
54 453
306 1678
714 1058
409 1603
11 1484
513 1877
1246 1400
1521 1599
1321 1808
1715 1995
1520 1682
125 1896
1657 1777
28 1235
639 1878
755 1996
1332 1702
302 942
1982 1999
488 1540
1409 1882
827 1393
503 938
1745 1902
1101 1581
9 752
1516 1857
575 1323
987 1564
1758 1760
51 1182
488 981
1719 1953
1416 1600
1696 1896
1487 1979
1494 1782
1026 1744
511 1443
598 922
464 1846
845 1121
1851 1981
1272 1293
55 1213
224 1528
544 1949
308 1865
1633 1764
202 1307
433 1814
1617 1973
1280 1730
704 1864
1715 1872
75 1875
1485 1912
187 1261
1627 1837
1170 1888
730 1775
78 361
260 572
823 1656
1762 1817
1343 1656
1677 1697
1562 1832
638 1275
1741 1894
1734 1805
773 1853
1531 1823
1594 1607
1545 1748
1493 1689
1546 1648
1761 1976
784 1972
1376 1571
1885 1927
145 372
261 1290
780 1918
1183 1870
1700 1736
1640 1660
472 1786
1290 1690
1771 1911
109 1135
1052 1751
584 1678
783 1960
1932 1952
1764 1908
327 1754
738 1341
123 185
557 1078
580 1073
1074 1874
357 925
1505 1644
1273 1913
108 1143
1753 1996
1279 1896
1895 1938
1174 1263
1304 1951
9 277
1467 1911
513 1586
1369 1757
245 1609
872 1563
376 1378
1287 1298
59 105
1789 1984
237 1831
1606 1607
1320 1687
700 856
136 1903
1034 1151
767 860
807 1324
1230 1552
1378 1789
537 548
263 1425
439 1160
1767 1953
432 1007
1128 1747
1358 1528
1346 1674
1970 1970
698 1000
1469 1605
1663 1666
995 1767
750 990
1550 1651
603 1211
1302 1703
1992 1995
470 1597
465 1233
1501 1832
797 1433
645 1154
5 297
633 1546
1389 1885
1594 1995
1094 1973
900 1295
1355 1547
1768 1786
1179 1642
16 333
1749 1840
642 1486
149 1945
1425 1788
629 1340
1705 1908
603 1846
1522 1948
336 558
95 1097
1683 1976
537 727
1883 1960
620 1507
103 1661
280 519
321 1971
1356 1502
773 1093
49 1325
852 1123
1066 1856
809 1061
1367 1513
1884 1955
1049 1085
335 589
1474 1615
365 632
414 1820
58 73
1212 1589
1808 1883
753 1177
318 1163
1844 1878
133 391
1737 1814
508 1155
808 1030
1159 1779
1951 1996
659 810
1649 1840
241 1228
274 710
121 725
1680 1747
944 1440
1478 1787
1328 1853
156 1750
1149 1714
1860 1924
1158 1477
1471 1568
1677 1827
1809 1970
977 1540
147 1998
1665 1719
1705 1827
746 1653
1939 1979
396 1166
1219 1406
1796 1815
944 1146
1118 1949
1019 1868
1153 1403
1331 1933
1697 1812
54 1187
1148 1240
265 1930
210 1559
739 1395
360 1876
468 1984
404 482
248 266
1937 1986
575 967
1911 1913
349 1828
1878 1895
443 1207
897 970
513 1645
1760 1832
522 1406
401 1894
851 1938
1482 1795
491 1451
1744 1863
1419 1458
910 1635
674 1565
649 1737
1999 1999
1155 1257
161 1708
1587 1988
593 1240
1456 1843
1813 1888
1052 1327
915 1138
1781 1808
415 946
675 1146
1760 1950
1940 1988
1662 1666
325 1931
996 1002
1933 1946
1304 1454
1028 1609
1858 1927
120 595
481 1774
1928 1989
1838 1997
1954 1968
1234 1558
1444 1810
1879 1898
961 1671
977 1386
969 1353
727 1250
245 624
1128 1889
1833 1928
230 779
618 1920
591 750
26 117
1745 1937
289 1978
685 862
200 401
654 908
1491 1660
1617 1628
508 1492
826 838
1933 1955
1057 1715
1697 1734
921 935
804 835
783 1140
1621 1873
916 1223
1323 1572
887 1043
1133 1389
891 927
1406 1968
232 1673
859 877
1780 1978
29 1258
1113 1185
1304 1656
577 1851
1170 1775
531 1780
978 1209
1897 1973
1973 1986
254 1052
260 1059
1505 1942
1034 1588
1969 1978
1512 1945
1887 1916
568 1639
1244 1574
1442 1945
224 877
775 893
1848 1896
1599 1643
46 922
1459 1792
1240 1778
370 1155
559 1520
1332 1979
865 1475
1991 1992
271 1051
1606 1914
1340 1767
367 617
1044 1679
1049 1505
1793 1802
1255 1907
1080 1517
393 433
181 912
653 1402
92 1283
1942 1971
1030 1909
626 779
1330 1817
1312 1485
1960 1974
1561 1706
1801 1814
257 313
528 1749
1004 1450
1694 1921
546 1579
227 319
1950 1962
1093 1355
1050 1698
1111 1783
841 1309
1143 1345
1121 1332
109 168
1690 1690
1730 1787
1619 1659
1041 1595
214 602
916 1478
735 1097
1019 1258
55 1557
1095 1750
567 679
1756 1836
304 697
635 1164
685 1402
563 1032
1005 1107
1300 1913
362 1023
433 1288
1436 1486
1271 1478
442 666
1115 1115
722 732
101 1186
623 1750
1766 1793
956 1745
1482 1939
63 964
706 1972
918 1183
72 493
1327 1826
1736 1986
455 511
17 571
1548 1790
544 1734
1734 1762
1154 1401
1522 1900
244 1027
1348 1936
655 1411
1848 1941
656 1657
374 1014
146 352
1997 1999
1011 1753
448 1778
1064 1132
1611 1957
1923 1979
528 944
383 1793
725 1151
1426 1660
1859 1971
651 1940
1542 1698
1932 2000
1677 1679
1270 1953
1097 1996
1950 1983
1214 1670
1911 1918
776 1065
711 1608
563 1691
1688 1707
918 1246
1836 1836
1122 1138
714 853
1043 1093
477 1852
464 1883
1311 1833
1342 1716
1858 1999
1711 1917
1427 1995
1649 1836
1498 1786
457 1190
1939 1970
1498 1836
